1590205655.278166 -0.000011 0.000074 0.000168 -0.003882 0.272200 -0.000515 0.962233 
1590205655.378486 0.005440 0.012979 -0.006229 0.001614 0.268501 -0.000868 0.963278 
1590205655.478326 -0.003488 0.002479 -0.005407 -0.002197 0.271168 -0.003039 0.962525 
1590205655.578166 0.007850 -0.013483 -0.037672 -0.003300 0.272071 -0.002767 0.962268 
1590205655.678486 0.021277 0.015000 -0.007001 -0.000558 0.269912 -0.001019 0.962884 
1590205655.778326 0.006745 0.006546 -0.000672 -0.001840 0.270475 -0.001939 0.962723 
1590205655.878166 0.008467 0.002507 -0.007510 -0.002737 0.270547 -0.001933 0.962701 
1590205655.978486 0.027839 -0.021387 -0.020394 -0.003336 0.270453 -0.001456 0.962726 
1590205656.078335 0.020797 -0.020318 -0.012696 -0.003552 0.270251 -0.001812 0.962782 
1590205656.178175 0.020279 -0.009848 -0.014861 -0.003047 0.269694 -0.002062 0.962939 
1590205656.278015 0.015308 -0.012315 -0.015257 -0.003408 0.270257 -0.001432 0.962781 
1590205656.378335 0.016685 -0.010018 -0.017559 -0.002552 0.269645 -0.001224 0.962956 
1590205656.478175 0.016122 -0.010787 -0.017092 -0.002530 0.270131 -0.001818 0.962818 
1590205656.578015 0.015328 -0.011238 -0.015213 -0.002720 0.270461 -0.001937 0.962725 
1590205656.678335 0.016383 -0.010882 -0.015114 -0.002997 0.270127 -0.001331 0.962819 
1590205656.778175 0.016703 -0.010988 -0.014148 -0.003283 0.270164 -0.001731 0.962807 
1590205656.878015 0.016286 -0.010092 -0.014947 -0.002680 0.270006 -0.001784 0.962853 
1590205656.978335 0.019449 -0.013547 -0.014891 -0.002996 0.269999 -0.001752 0.962854 
1590205657.078183 0.019152 -0.002999 -0.011725 -0.001879 0.269735 -0.001554 0.962931 
1590205657.178023 0.015453 -0.000149 -0.014538 -0.002272 0.270762 -0.001862 0.962642 
1590205657.278343 0.011841 0.001084 -0.012520 -0.002508 0.270317 -0.002163 0.962766 
1590205657.378183 0.011619 -0.000717 -0.013915 -0.002201 0.270227 -0.001522 0.962793 
1590205657.478023 0.012905 -0.006104 -0.016203 -0.002632 0.270378 -0.001825 0.962749 
1590205657.578343 0.012776 -0.005766 -0.011278 -0.002551 0.270267 -0.001781 0.962780 
1590205657.678183 0.013394 -0.007875 -0.012362 -0.003135 0.270659 -0.001727 0.962669 
1590205657.778023 0.014473 -0.009535 -0.012775 -0.002647 0.270036 -0.001699 0.962845 
1590205657.878343 0.015280 -0.006618 -0.013567 -0.002736 0.270425 -0.001960 0.962735 
1590205657.978183 0.013765 -0.005239 -0.014579 -0.002934 0.270107 -0.001850 0.962824 
1590205658.078032 0.012783 -0.006004 -0.014948 -0.002685 0.270968 -0.001621 0.962583 
1590205658.178352 0.014369 -0.005418 -0.013951 -0.002689 0.270317 -0.001649 0.962766 
1590205658.278192 0.014579 -0.006976 -0.014588 -0.002742 0.270251 -0.001892 0.962784 
1590205658.378032 0.013656 -0.007341 -0.014343 -0.003256 0.270644 -0.001886 0.962672 
1590205658.478352 0.015319 -0.007268 -0.013743 -0.002657 0.270151 -0.001793 0.962813 
1590205658.578192 0.015220 -0.006346 -0.013687 -0.002695 0.270432 -0.001931 0.962733 
1590205658.678032 0.013930 -0.006454 -0.013778 -0.002800 0.270372 -0.002123 0.962750 
1590205658.778352 0.010860 -0.006206 -0.014378 -0.002452 0.270402 -0.001797 0.962743 
1590205658.878192 0.011794 -0.006955 -0.014741 -0.002771 0.270180 -0.001790 0.962804 
1590205658.978032 0.012814 -0.006555 -0.014366 -0.003118 0.270277 -0.001925 0.962776 
1590205659.078361 0.012960 -0.006178 -0.014582 -0.002511 0.270495 -0.001607 0.962717 
1590205659.178201 0.014412 -0.005632 -0.013106 -0.002344 0.270337 -0.002140 0.962761 
1590205659.278041 0.016173 -0.005685 -0.013975 -0.002618 0.270425 -0.001760 0.962736 
1590205659.378361 0.014933 -0.005507 -0.016046 -0.002786 0.270331 -0.001955 0.962761 
1590205659.478201 0.013618 -0.004747 -0.015088 -0.002499 0.270396 -0.001669 0.962745 
1590205659.578041 0.013075 -0.004330 -0.014368 -0.002502 0.270454 -0.001750 0.962728 
1590205659.678361 0.014002 -0.004543 -0.013086 -0.002228 0.270392 -0.001634 0.962746 
1590205659.778201 0.014029 -0.005136 -0.013000 -0.002566 0.270223 -0.001771 0.962793 
1590205659.878041 0.015196 -0.004599 -0.013751 -0.002594 0.270120 -0.001805 0.962821 
1590205659.978361 0.016500 -0.005040 -0.013870 -0.002592 0.270135 -0.001773 0.962817 
1590205660.278370 0.016391 -0.007438 -0.013064 -0.003044 0.270206 -0.002114 0.962796 
1590205660.378210 0.014579 -0.007916 -0.013692 -0.002835 0.270024 -0.001915 0.962847 
1590205660.478050 0.014245 -0.006451 -0.014447 -0.002485 0.270460 -0.001755 0.962726 
1590205660.578370 0.014820 -0.005810 -0.014079 -0.002793 0.270122 -0.001536 0.962821 
1590205660.678210 0.013832 -0.007047 -0.013546 -0.002704 0.270188 -0.001867 0.962802 
1590205660.778050 0.014618 -0.006713 -0.014253 -0.002561 0.270529 -0.002033 0.962706 
1590205660.878370 0.015476 -0.006043 -0.014109 -0.002721 0.270390 -0.002037 0.962745 
1590205660.978210 0.013594 -0.007095 -0.014555 -0.002616 0.270392 -0.001859 0.962745 
1590205661.078058 0.013018 -0.007408 -0.013522 -0.002636 0.270336 -0.001961 0.962760 
1590205661.178378 0.013384 -0.007460 -0.014535 -0.002533 0.270377 -0.001834 0.962749 
1590205661.278219 0.014372 -0.007075 -0.014590 -0.002839 0.270331 -0.001606 0.962762 
1590205661.378058 0.015052 -0.005337 -0.013758 -0.002613 0.270301 -0.001819 0.962771 
1590205661.478379 0.014222 -0.004704 -0.013294 -0.002690 0.270175 -0.001877 0.962806 
1590205661.578218 0.014047 -0.005078 -0.014146 -0.002465 0.270003 -0.001571 0.962855 
1590205661.678058 0.015515 -0.006913 -0.013012 -0.002702 0.270135 -0.001933 0.962817 
1590205661.778378 0.014337 -0.007024 -0.012732 -0.002453 0.270245 -0.001850 0.962787 
1590205661.878218 0.014095 -0.005549 -0.013500 -0.002626 0.270132 -0.001497 0.962819 
1590205661.978058 0.014358 -0.005929 -0.012444 -0.002717 0.270209 -0.001629 0.962796 
1590205662.078387 0.013519 -0.006011 -0.013509 -0.002748 0.270302 -0.001929 0.962770 
1590205662.178227 0.013437 -0.006260 -0.014897 -0.002715 0.270761 -0.001671 0.962641 
1590205662.278067 0.014613 -0.005864 -0.013822 -0.002623 0.270145 -0.001713 0.962815 
1590205662.378387 0.014611 -0.005411 -0.012626 -0.002777 0.270425 -0.001858 0.962735 
1590205662.478227 0.014012 -0.005643 -0.013019 -0.002872 0.270307 -0.001912 0.962768 
1590205662.578067 0.012497 -0.007228 -0.014001 -0.003113 0.270411 -0.001683 0.962739 
1590205662.678387 0.012233 -0.007168 -0.012642 -0.002954 0.270571 -0.001844 0.962694 
1590205662.778227 0.014151 -0.006848 -0.013226 -0.002574 0.270249 -0.001770 0.962785 
1590205662.878067 0.014331 -0.005980 -0.015176 -0.002421 0.270404 -0.001450 0.962743 
1590205662.978387 0.015868 -0.006303 -0.015866 -0.002490 0.270431 -0.001848 0.962734 
1590205663.078236 0.014010 -0.006250 -0.014457 -0.002734 0.270445 -0.001782 0.962730 
1590205663.178076 0.014563 -0.006230 -0.013069 -0.002902 0.270666 -0.001788 0.962667 
1590205663.278396 0.013751 -0.005579 -0.012652 -0.002815 0.270520 -0.001696 0.962709 
1590205663.378236 0.014068 -0.007298 -0.012643 -0.002916 0.270130 -0.001703 0.962818 
1590205663.478076 0.014350 -0.007254 -0.013762 -0.002745 0.270461 -0.002239 0.962724 
1590205663.578396 0.014594 -0.006974 -0.013735 -0.002740 0.270692 -0.001787 0.962661 
1590205663.678236 0.015454 -0.006348 -0.015693 -0.002409 0.270557 -0.001736 0.962699 
1590205663.778076 0.015113 -0.006174 -0.015339 -0.002694 0.270395 -0.001849 0.962744 
1590205663.878396 0.013647 -0.005323 -0.013063 -0.002713 0.270110 -0.001718 0.962824 
1590205663.978236 0.013879 -0.006642 -0.012299 -0.002559 0.270615 -0.001852 0.962682 
1590205664.078085 0.014143 -0.005814 -0.011410 -0.002353 0.270036 -0.001443 0.962846 
1590205664.178405 0.014986 -0.006444 -0.012022 -0.002853 0.270435 -0.001965 0.962732 
1590205664.278245 0.013552 -0.006026 -0.014237 -0.002805 0.270541 -0.001618 0.962703 
1590205664.378085 0.012655 -0.006208 -0.015586 -0.002476 0.270473 -0.001693 0.962723 
1590205664.478405 0.012483 -0.006315 -0.012809 -0.002821 0.270256 -0.001975 0.962782 
1590205664.578245 0.013108 -0.006060 -0.012506 -0.002782 0.270265 -0.001880 0.962780 
1590205664.678085 0.012997 -0.006015 -0.013045 -0.002808 0.270454 -0.001651 0.962727 
1590205664.778405 0.012029 -0.008160 -0.012863 -0.002768 0.270082 -0.001654 0.962832 
1590205664.878245 0.014875 -0.006606 -0.013573 -0.002557 0.270421 -0.002087 0.962737 
1590205664.978085 0.013118 -0.006184 -0.013973 -0.002741 0.270516 -0.001755 0.962710 
1590205665.078414 0.013902 -0.005617 -0.013914 -0.002582 0.270347 -0.001563 0.962758 
1590205665.178254 0.014011 -0.004946 -0.014132 -0.002618 0.270182 -0.002204 0.962803 
1590205665.278094 0.014457 -0.004811 -0.014862 -0.002647 0.270600 -0.001866 0.962687 
1590205665.378414 0.012220 -0.005085 -0.014939 -0.002292 0.270535 -0.001808 0.962706 
1590205665.478254 0.012869 -0.005421 -0.012743 -0.002813 0.270435 -0.001689 0.962733 
1590205665.578094 0.013921 -0.006401 -0.012834 -0.002586 0.270216 -0.001788 0.962795 
1590205665.678414 0.014108 -0.008226 -0.012760 -0.002952 0.270346 -0.001703 0.962757 
1590205665.778254 0.013580 -0.007840 -0.012683 -0.002937 0.270251 -0.001999 0.962783 
1590205665.878094 0.013308 -0.006288 -0.013477 -0.002624 0.270348 -0.001829 0.962757 
1590205665.978414 0.013649 -0.007463 -0.013433 -0.002787 0.270192 -0.001905 0.962801 
1590205666.078263 0.013416 -0.006790 -0.013351 -0.002909 0.270303 -0.001838 0.962769 
1590205666.178102 0.014100 -0.005916 -0.012622 -0.002639 0.270318 -0.001691 0.962766 
1590205666.278422 0.013989 -0.004587 -0.012955 -0.002685 0.270457 -0.001952 0.962726 
1590205666.378263 0.014276 -0.005202 -0.012223 -0.002822 0.270346 -0.002018 0.962757 
1590205666.478102 0.013419 -0.005940 -0.011772 -0.002674 0.270480 -0.001759 0.962720 
1590205666.578423 0.012980 -0.006575 -0.012845 -0.002606 0.270506 -0.001784 0.962713 
1590205666.678262 0.014440 -0.006997 -0.014030 -0.002513 0.270616 -0.001811 0.962682 
1590205666.778102 0.013740 -0.007127 -0.014530 -0.002649 0.270160 -0.001641 0.962810 
1590205666.878422 0.012405 -0.006141 -0.014507 -0.002561 0.270235 -0.001743 0.962789 
1590205666.978262 0.013434 -0.006426 -0.013145 -0.002896 0.270317 -0.001772 0.962765 
1590205667.078111 0.012348 -0.006758 -0.013315 -0.002660 0.270488 -0.001644 0.962718 
1590205667.178431 0.013098 -0.006294 -0.013589 -0.002698 0.270387 -0.001920 0.962746 
1590205667.278271 0.013003 -0.006052 -0.013444 -0.002657 0.270117 -0.001938 0.962822 
1590205667.378111 0.014170 -0.006218 -0.013564 -0.002708 0.270580 -0.001742 0.962692 
1590205667.478431 0.013169 -0.005191 -0.012898 -0.002796 0.270060 -0.001725 0.962838 
1590205667.578271 0.013451 -0.006030 -0.013053 -0.002508 0.270270 -0.001553 0.962780 
1590205667.678111 0.012892 -0.007057 -0.012729 -0.002769 0.270388 -0.001748 0.962746 
1590205667.778431 0.013801 -0.007368 -0.013006 -0.002690 0.270025 -0.001746 0.962848 
1590205667.878271 0.015264 -0.007512 -0.013357 -0.002795 0.270238 -0.001754 0.962788 
1590205667.978111 0.013216 -0.006978 -0.013406 -0.002933 0.270090 -0.001847 0.962829 
1590205668.078440 0.011809 -0.005870 -0.014573 -0.002436 0.270560 -0.001678 0.962698 
1590205668.178280 0.012993 -0.004508 -0.014634 -0.002472 0.270475 -0.001558 0.962723 
1590205668.278120 0.015385 -0.004224 -0.013909 -0.002358 0.270126 -0.001752 0.962821 
1590205668.378440 0.014728 -0.005060 -0.013265 -0.002842 0.270575 -0.001885 0.962693 
1590205668.478280 0.012788 -0.005677 -0.012763 -0.002670 0.270469 -0.001533 0.962724 
1590205668.578120 0.012600 -0.006619 -0.012769 -0.002799 0.270308 -0.001824 0.962768 
1590205668.678440 0.012173 -0.006904 -0.013746 -0.002684 0.270442 -0.001955 0.962731 
1590205668.778280 0.012943 -0.006511 -0.014011 -0.002499 0.270532 -0.001773 0.962706 
1590205668.878120 0.013283 -0.005346 -0.013694 -0.002463 0.270272 -0.001711 0.962779 
1590205668.978440 0.014124 -0.005658 -0.013850 -0.002833 0.270306 -0.001848 0.962768 
1590205669.078289 0.013726 -0.005604 -0.013349 -0.002592 0.270348 -0.001888 0.962757 
1590205669.178129 0.014026 -0.006892 -0.012968 -0.002856 0.270224 -0.001748 0.962792 
1590205669.278449 0.014226 -0.007194 -0.013171 -0.002823 0.270158 -0.001830 0.962810 
1590205669.378289 0.013244 -0.005767 -0.014394 -0.002675 0.270335 -0.001948 0.962761 
1590205669.478129 0.013531 -0.006071 -0.014537 -0.002863 0.270234 -0.001745 0.962789 
1590205669.578449 0.013308 -0.005768 -0.013848 -0.002528 0.270478 -0.001760 0.962721 
1590205669.678289 0.013573 -0.006227 -0.012946 -0.002762 0.270256 -0.001850 0.962783 
1590205669.778129 0.012749 -0.005417 -0.013426 -0.002391 0.270481 -0.001559 0.962721 
1590205669.878449 0.013232 -0.005372 -0.013133 -0.002631 0.270196 -0.001831 0.962800 
1590205669.978289 0.015197 -0.006026 -0.013494 -0.002795 0.270465 -0.001948 0.962724 
1590205670.078138 0.014146 -0.007138 -0.013982 -0.002696 0.270020 -0.001805 0.962849 
1590205670.178457 0.013902 -0.006445 -0.013760 -0.002597 0.270288 -0.001808 0.962774 
1590205670.278297 0.013631 -0.005908 -0.012347 -0.002756 0.270330 -0.001966 0.962762 
1590205670.378138 0.013300 -0.006150 -0.012883 -0.002689 0.270609 -0.001786 0.962684 
1590205670.478457 0.012808 -0.005781 -0.015319 -0.002534 0.270455 -0.001686 0.962728 
1590205670.578298 0.013890 -0.005539 -0.015661 -0.002518 0.270301 -0.001812 0.962771 
1590205670.678138 0.014469 -0.004842 -0.013835 -0.002739 0.270426 -0.001883 0.962735 
1590205670.778458 0.013612 -0.006062 -0.013297 -0.002645 0.270483 -0.001956 0.962719 
1590205670.878298 0.013638 -0.006395 -0.012893 -0.002607 0.270178 -0.001910 0.962805 
1590205670.978137 0.013226 -0.006618 -0.013389 -0.002646 0.270489 -0.001617 0.962718 
1590205671.078486 0.013231 -0.005662 -0.014170 -0.002715 0.270569 -0.001894 0.962695 
1590205671.178326 0.012156 -0.005298 -0.014194 -0.002494 0.270483 -0.001828 0.962720 
1590205671.278167 0.012447 -0.004845 -0.013674 -0.002578 0.270261 -0.001630 0.962782 
1590205671.378486 0.012838 -0.005574 -0.012761 -0.002483 0.270412 -0.001876 0.962740 
1590205671.478327 0.013649 -0.005995 -0.013268 -0.002431 0.270324 -0.001738 0.962765 
1590205671.578166 0.014592 -0.005186 -0.013530 -0.002529 0.269966 -0.001770 0.962865 
1590205671.678487 0.014562 -0.005949 -0.014055 -0.002582 0.270229 -0.001818 0.962791 
1590205671.778327 0.013772 -0.005312 -0.014813 -0.002734 0.270316 -0.001861 0.962766 
1590205671.878166 0.013364 -0.005773 -0.013962 -0.002811 0.270309 -0.001701 0.962768 
1590205671.978487 0.012857 -0.006287 -0.013606 -0.002711 0.270331 -0.001935 0.962762 
1590205672.078335 0.013707 -0.006492 -0.012735 -0.002732 0.270466 -0.001738 0.962724 
1590205672.178175 0.013628 -0.005471 -0.014024 -0.002581 0.270423 -0.002028 0.962736 
1590205672.278015 0.013637 -0.006303 -0.014338 -0.002477 0.270636 -0.001621 0.962677 
1590205672.378335 0.013603 -0.007379 -0.013772 -0.002431 0.270101 -0.001848 0.962827 
1590205672.478175 0.013831 -0.007765 -0.013236 -0.002664 0.270414 -0.001903 0.962739 
1590205672.578015 0.013588 -0.006440 -0.013707 -0.002587 0.270502 -0.001752 0.962714 
1590205672.678335 0.013686 -0.006352 -0.014136 -0.002829 0.270248 -0.001767 0.962785 
1590205672.778175 0.014468 -0.005849 -0.012817 -0.002668 0.270664 -0.001833 0.962668 
1590205672.878015 0.014059 -0.005356 -0.013764 -0.002537 0.270473 -0.001964 0.962722 
1590205672.978335 0.013677 -0.005343 -0.015283 -0.002517 0.270697 -0.001761 0.962660 
1590205673.078184 0.014027 -0.005979 -0.014721 -0.002357 0.270419 -0.001860 0.962738 
1590205673.178024 0.014112 -0.005508 -0.013931 -0.002658 0.270362 -0.001995 0.962753 
1590205673.278344 0.014897 -0.007288 -0.012627 -0.002630 0.270499 -0.001585 0.962715 
1590205673.378184 0.015161 -0.008246 -0.012111 -0.002635 0.270343 -0.002007 0.962758 
1590205673.478024 0.013384 -0.008735 -0.013057 -0.002851 0.270712 -0.001949 0.962654 
1590205673.578344 0.011327 -0.008074 -0.014166 -0.002644 0.270666 -0.001813 0.962668 
1590205673.678184 0.011731 -0.006020 -0.014923 -0.002669 0.270783 -0.001695 0.962635 
1590205673.778024 0.013301 -0.006002 -0.014816 -0.002656 0.270500 -0.001653 0.962715 
1590205673.878344 0.014721 -0.006033 -0.013705 -0.002705 0.270271 -0.001862 0.962779 
1590205673.978184 0.014684 -0.007650 -0.012897 -0.002835 0.270435 -0.002006 0.962732 
1590205674.078033 0.011865 -0.007363 -0.012539 -0.002718 0.270292 -0.001595 0.962773 
1590205674.178353 0.012359 -0.007908 -0.013628 -0.002778 0.270325 -0.001867 0.962763 
1590205674.278193 0.010792 -0.006277 -0.014233 -0.002587 0.270618 -0.001749 0.962682 
1590205674.378033 0.010164 -0.007144 -0.014401 -0.002873 0.270744 -0.001891 0.962645 
1590205674.478353 0.011072 -0.006632 -0.012942 -0.002763 0.270452 -0.001867 0.962728 
1590205674.578193 0.013905 -0.006543 -0.012667 -0.002789 0.270387 -0.001891 0.962746 
1590205674.678033 0.014654 -0.007101 -0.013050 -0.002658 0.270507 -0.001839 0.962713 
1590205674.778353 0.013093 -0.006598 -0.013237 -0.002670 0.270332 -0.001489 0.962762 
1590205674.878193 0.012842 -0.006800 -0.013460 -0.002651 0.270550 -0.001993 0.962700 
1590205674.978033 0.012620 -0.006408 -0.014029 -0.002603 0.270688 -0.001848 0.962662 
1590205675.078362 0.013373 -0.006098 -0.014262 -0.002558 0.270635 -0.001542 0.962677 
1590205675.178201 0.012401 -0.006319 -0.013926 -0.002649 0.270431 -0.001743 0.962734 
1590205675.278042 0.012467 -0.005532 -0.013871 -0.002669 0.270643 -0.001880 0.962674 
1590205675.378361 0.012662 -0.006876 -0.012441 -0.002618 0.270523 -0.001702 0.962708 
1590205675.478202 0.015133 -0.007099 -0.011604 -0.002651 0.270367 -0.001811 0.962752 
1590205675.578042 0.015387 -0.006572 -0.012868 -0.002547 0.270356 -0.001729 0.962755 
1590205675.678362 0.013203 -0.007798 -0.013997 -0.002886 0.270625 -0.001675 0.962679 
1590205675.778202 0.012016 -0.007299 -0.013840 -0.002495 0.270514 -0.001724 0.962711 
1590205675.878042 0.012578 -0.006631 -0.014423 -0.002486 0.270285 -0.001726 0.962776 
1590205675.978362 0.014110 -0.004902 -0.014224 -0.002428 0.270530 -0.001772 0.962707 
1590205676.078210 0.014078 -0.006260 -0.012566 -0.002505 0.270493 -0.001650 0.962717 
1590205676.178050 0.013031 -0.007648 -0.011569 -0.002755 0.270801 -0.001903 0.962629 
1590205676.278370 0.012461 -0.007371 -0.013417 -0.002713 0.270231 -0.001821 0.962790 
1590205676.378210 0.010645 -0.006190 -0.014773 -0.002472 0.270511 -0.001590 0.962712 
1590205676.478050 0.012722 -0.006005 -0.014725 -0.002512 0.270444 -0.001805 0.962731 
1590205676.578370 0.013119 -0.005029 -0.013243 -0.002488 0.270431 -0.002028 0.962734 
1590205676.678210 0.014153 -0.005964 -0.012731 -0.002515 0.270369 -0.001687 0.962752 
1590205676.778050 0.013878 -0.005496 -0.011850 -0.002753 0.270406 -0.001691 0.962741 
1590205676.878370 0.014132 -0.005936 -0.012940 -0.002670 0.270368 -0.001731 0.962752 
1590205676.978210 0.012822 -0.005985 -0.013950 -0.002450 0.270539 -0.001807 0.962704 
1590205677.078059 0.012598 -0.004785 -0.015127 -0.002460 0.270566 -0.001645 0.962697 
1590205677.178379 0.012635 -0.006007 -0.013948 -0.002653 0.270428 -0.001653 0.962735 
1590205677.278219 0.012083 -0.006299 -0.012958 -0.002426 0.270406 -0.001794 0.962742 
1590205677.378059 0.013254 -0.006393 -0.012605 -0.002550 0.270457 -0.001759 0.962727 
1590205677.478379 0.014224 -0.007239 -0.012983 -0.002460 0.270347 -0.001682 0.962758 
1590205677.578219 0.014353 -0.006653 -0.013517 -0.002595 0.270537 -0.001685 0.962705 
1590205677.678059 0.013409 -0.005607 -0.013461 -0.002608 0.270429 -0.001819 0.962735 
1590205677.778379 0.013265 -0.005322 -0.015168 -0.001976 0.270623 -0.001663 0.962682 
1590205677.878219 0.014198 -0.005370 -0.014602 -0.002470 0.270407 -0.001861 0.962741 
1590205677.978059 0.013115 -0.005169 -0.013133 -0.002634 0.270343 -0.001877 0.962759 
1590205678.078388 0.013100 -0.005059 -0.012991 -0.002437 0.270418 -0.001786 0.962738 
1590205678.178228 0.014078 -0.005648 -0.013413 -0.002322 0.270390 -0.001785 0.962746 
1590205678.278068 0.012975 -0.006543 -0.013462 -0.002550 0.270592 -0.001838 0.962689 
1590205678.378388 0.013005 -0.005998 -0.014964 -0.002547 0.270518 -0.001673 0.962710 
1590205678.478228 0.012533 -0.005725 -0.014503 -0.002470 0.270570 -0.001610 0.962696 
1590205678.578068 0.014080 -0.006069 -0.013775 -0.002350 0.270446 -0.001587 0.962731 
1590205678.678388 0.014535 -0.006279 -0.013161 -0.002542 0.270374 -0.001845 0.962750 
1590205678.778228 0.014285 -0.005791 -0.012770 -0.002553 0.270720 -0.001877 0.962653 
1590205678.878068 0.012687 -0.005278 -0.012284 -0.002671 0.270432 -0.001733 0.962734 
1590205678.978388 0.012905 -0.005690 -0.012895 -0.002623 0.270480 -0.001929 0.962720 
1590205679.078237 0.012801 -0.005507 -0.015862 -0.002302 0.270411 -0.001953 0.962740 
1590205679.178077 0.013401 -0.005850 -0.015660 -0.002546 0.270361 -0.001642 0.962754 
1590205679.278397 0.014375 -0.004653 -0.014194 -0.002459 0.270377 -0.001724 0.962750 
1590205679.378237 0.014844 -0.005955 -0.013606 -0.002656 0.270230 -0.001643 0.962791 
1590205679.478077 0.014161 -0.004864 -0.012397 -0.002509 0.270390 -0.001967 0.962746 
1590205679.578397 0.014395 -0.005304 -0.013318 -0.002308 0.270364 -0.001872 0.962753 
1590205679.678237 0.014559 -0.006397 -0.013728 -0.002615 0.270438 -0.001744 0.962732 
1590205679.778077 0.012860 -0.005194 -0.015254 -0.002374 0.270661 -0.001781 0.962670 
1590205679.878397 0.012022 -0.004190 -0.014786 -0.002395 0.270541 -0.001683 0.962704 
1590205679.978237 0.011197 -0.004821 -0.013579 -0.002615 0.270491 -0.001677 0.962718 
1590205680.078085 0.013484 -0.005934 -0.012394 -0.002514 0.270471 -0.001876 0.962723 
1590205680.178405 0.014086 -0.006291 -0.012325 -0.002371 0.270628 -0.001783 0.962679 
1590205680.278245 0.013633 -0.006143 -0.013662 -0.002398 0.270486 -0.001713 0.962719 
1590205680.378085 0.014409 -0.005272 -0.013179 -0.002483 0.270496 -0.001959 0.962716 
1590205680.478405 0.014127 -0.005530 -0.013877 -0.002574 0.270410 -0.001633 0.962740 
1590205680.578245 0.013585 -0.005901 -0.014126 -0.002481 0.270552 -0.001703 0.962701 
1590205680.678085 0.012991 -0.005431 -0.012723 -0.002680 0.270678 -0.001751 0.962665 
1590205680.778405 0.013769 -0.004751 -0.011610 -0.002620 0.270345 -0.001870 0.962758 
1590205680.878245 0.012430 -0.005538 -0.012604 -0.002551 0.270442 -0.001625 0.962732 
1590205680.978085 0.014064 -0.006388 -0.012868 -0.002701 0.270167 -0.001745 0.962808 
1590205681.078414 0.013627 -0.005398 -0.013198 -0.002410 0.270496 -0.001773 0.962717 
1590205681.178254 0.015295 -0.005675 -0.013415 -0.002625 0.270388 -0.001805 0.962746 
1590205681.278094 0.015549 -0.005609 -0.014781 -0.002512 0.270300 -0.001767 0.962771 
1590205681.378414 0.013780 -0.005293 -0.014145 -0.002321 0.270526 -0.001767 0.962708 
1590205681.478254 0.013067 -0.006167 -0.014242 -0.002523 0.270739 -0.001829 0.962648 
1590205681.578094 0.012166 -0.005432 -0.014086 -0.002340 0.270445 -0.001625 0.962731 
1590205681.678414 0.012033 -0.005535 -0.012922 -0.002600 0.270542 -0.001685 0.962703 
1590205681.778254 0.012936 -0.006957 -0.011324 -0.002757 0.270520 -0.001816 0.962709 
1590205681.878094 0.012388 -0.006820 -0.012244 -0.002598 0.270597 -0.001771 0.962688 
1590205681.978414 0.013282 -0.005802 -0.015018 -0.002221 0.270466 -0.001543 0.962726 
1590205682.078263 0.013525 -0.005888 -0.014618 -0.002728 0.270421 -0.001907 0.962737 
1590205682.178103 0.013558 -0.006238 -0.014045 -0.002671 0.270349 -0.001823 0.962757 
1590205682.278423 0.013546 -0.006062 -0.013836 -0.002616 0.270534 -0.001683 0.962705 
1590205682.378263 0.012231 -0.006758 -0.013019 -0.002687 0.270625 -0.001614 0.962680 
1590205682.478103 0.011673 -0.006286 -0.012237 -0.002651 0.270704 -0.001708 0.962657 
1590205682.578423 0.011878 -0.006435 -0.012804 -0.002397 0.270543 -0.001738 0.962703 
1590205682.678263 0.013027 -0.007202 -0.014872 -0.002397 0.270576 -0.001603 0.962694 
1590205682.778103 0.013919 -0.006879 -0.014374 -0.002614 0.270223 -0.001669 0.962793 
1590205682.878423 0.014112 -0.006545 -0.013464 -0.002668 0.270327 -0.001914 0.962763 
1590205682.978263 0.014877 -0.006192 -0.013499 -0.002538 0.270360 -0.001452 0.962755 
1590205683.078112 0.014536 -0.007803 -0.013677 -0.002764 0.270467 -0.001498 0.962724 
1590205683.178432 0.014020 -0.007228 -0.013762 -0.002547 0.270458 -0.001735 0.962727 
1590205683.278272 0.012592 -0.006009 -0.013740 -0.002638 0.270491 -0.001918 0.962717 
1590205683.378112 0.013237 -0.005862 -0.014775 -0.002577 0.270601 -0.001553 0.962687 
1590205683.478432 0.014854 -0.006304 -0.014829 -0.002478 0.270509 -0.001774 0.962713 
1590205683.578272 0.013382 -0.005880 -0.013554 -0.002492 0.270260 -0.002010 0.962782 
1590205683.678112 0.012427 -0.005403 -0.011965 -0.002525 0.270380 -0.001781 0.962749 
1590205683.778432 0.013267 -0.006137 -0.012119 -0.002423 0.270310 -0.001910 0.962768 
1590205683.878272 0.013511 -0.006465 -0.013873 -0.002818 0.270351 -0.001732 0.962756 
1590205683.978112 0.014029 -0.007058 -0.013907 -0.002597 0.270687 -0.001748 0.962662 
1590205684.078441 0.014309 -0.006408 -0.014206 -0.002551 0.270297 -0.001747 0.962772 
1590205684.178281 0.014298 -0.007251 -0.013223 -0.002684 0.270523 -0.001854 0.962708 
1590205684.278121 0.012022 -0.006962 -0.014072 -0.002616 0.270615 -0.001714 0.962683 
1590205684.378441 0.011255 -0.006840 -0.014163 -0.002489 0.270572 -0.001740 0.962695 
1590205684.478281 0.012883 -0.007534 -0.012890 -0.002848 0.270487 -0.001530 0.962718 
1590205684.578121 0.013365 -0.006675 -0.013465 -0.002653 0.270419 -0.001848 0.962737 
1590205684.678441 0.012704 -0.006033 -0.013435 -0.002469 0.270693 -0.001814 0.962661 
1590205684.778281 0.012965 -0.005954 -0.014243 -0.002489 0.270568 -0.001686 0.962696 
1590205684.878121 0.013842 -0.006899 -0.013829 -0.002736 0.270534 -0.001598 0.962705 
1590205684.978441 0.013973 -0.006013 -0.014171 -0.002447 0.270659 -0.001805 0.962670 
1590205685.078289 0.013036 -0.005279 -0.014321 -0.002292 0.270739 -0.001787 0.962648 
1590205685.178129 0.011841 -0.005637 -0.012072 -0.002746 0.270487 -0.001739 0.962718 
1590205685.278449 0.013304 -0.005496 -0.012937 -0.002724 0.270523 -0.001844 0.962708 
1590205685.378289 0.014138 -0.005915 -0.013898 -0.002456 0.270643 -0.001791 0.962675 
1590205685.478129 0.013979 -0.005452 -0.014262 -0.002390 0.270677 -0.001599 0.962666 
1590205685.578449 0.012716 -0.006015 -0.014003 -0.002574 0.270608 -0.001785 0.962684 
1590205685.678289 0.012642 -0.005869 -0.013250 -0.002538 0.270666 -0.001912 0.962668 
1590205685.778129 0.012670 -0.006758 -0.013021 -0.002584 0.270481 -0.001644 0.962721 
1590205685.878449 0.013293 -0.007603 -0.011604 -0.002755 0.270348 -0.001779 0.962757 
1590205685.978289 0.014270 -0.006580 -0.013359 -0.002253 0.270587 -0.001761 0.962691 
1590205686.078138 0.014676 -0.005895 -0.014466 -0.002504 0.270548 -0.001909 0.962701 
1590205686.178458 0.014313 -0.005635 -0.014615 -0.002256 0.270604 -0.001695 0.962687 
1590205686.278298 0.013020 -0.005542 -0.013698 -0.002473 0.270623 -0.001736 0.962681 
1590205686.378138 0.013046 -0.005056 -0.013247 -0.002615 0.270713 -0.001702 0.962655 
1590205686.478458 0.013382 -0.004180 -0.013934 -0.002288 0.270514 -0.001895 0.962711 
1590205686.578298 0.013368 -0.005381 -0.013495 -0.002541 0.270563 -0.001818 0.962697 
1590205686.678138 0.012312 -0.006574 -0.014009 -0.002406 0.270528 -0.001901 0.962707 
1590205686.778458 0.013824 -0.007669 -0.013798 -0.002482 0.270515 -0.001593 0.962711 
1590205686.878298 0.014384 -0.007412 -0.013516 -0.002588 0.270193 -0.001662 0.962801 
1590205686.978138 0.014232 -0.006619 -0.013113 -0.002548 0.270507 -0.001687 0.962713 
1590205687.078487 0.014342 -0.004881 -0.014354 -0.002411 0.270454 -0.002021 0.962728 
1590205687.178327 0.013126 -0.004878 -0.014764 -0.002240 0.270625 -0.001615 0.962681 
1590205687.278167 0.013774 -0.005216 -0.013922 -0.002295 0.270530 -0.001723 0.962707 
1590205687.378487 0.012748 -0.005193 -0.012810 -0.002456 0.270496 -0.001724 0.962716 
1590205687.478327 0.013082 -0.006100 -0.013928 -0.002394 0.270532 -0.001760 0.962706 
1590205687.578167 0.013255 -0.006875 -0.013576 -0.002470 0.270723 -0.001743 0.962653 
1590205687.678487 0.013491 -0.006494 -0.013637 -0.002525 0.270218 -0.001746 0.962794 
1590205687.778327 0.013120 -0.006683 -0.013339 -0.002510 0.270430 -0.001614 0.962735 
1590205687.878167 0.012504 -0.005341 -0.011775 -0.002543 0.270468 -0.001556 0.962724 
1590205687.978487 0.012441 -0.004902 -0.012411 -0.002275 0.270429 -0.001638 0.962736 
1590205688.078336 0.012639 -0.005142 -0.014091 -0.002448 0.270560 -0.001802 0.962698 
1590205688.178176 0.014128 -0.005252 -0.016163 -0.002190 0.270594 -0.001608 0.962690 
1590205688.278016 0.014368 -0.006176 -0.014096 -0.002347 0.270522 -0.001628 0.962710 
1590205688.378336 0.013840 -0.006756 -0.013201 -0.002703 0.270607 -0.001724 0.962685 
1590205688.478176 0.012812 -0.005974 -0.012789 -0.002500 0.270460 -0.001784 0.962726 
1590205688.578016 0.012629 -0.005489 -0.012680 -0.002404 0.270248 -0.001513 0.962787 
1590205688.678336 0.013217 -0.005539 -0.013935 -0.002674 0.270317 -0.001833 0.962766 
1590205688.778176 0.013125 -0.005793 -0.014883 -0.002384 0.270526 -0.001689 0.962708 
1590205688.878016 0.012813 -0.005373 -0.015198 -0.002176 0.270676 -0.001683 0.962667 
1590205688.978336 0.013698 -0.005475 -0.015104 -0.002654 0.270367 -0.001771 0.962752 
1590205689.078184 0.014306 -0.005297 -0.014097 -0.002338 0.270329 -0.001600 0.962764 
1590205689.178024 0.015067 -0.006133 -0.013956 -0.002677 0.270471 -0.001690 0.962723 
1590205689.278344 0.014237 -0.005036 -0.013876 -0.002337 0.270220 -0.001628 0.962794 
1590205689.378184 0.013541 -0.006012 -0.014069 -0.002392 0.270374 -0.001744 0.962751 
1590205689.478024 0.012673 -0.005918 -0.015382 -0.002385 0.270467 -0.001721 0.962725 
1590205689.578344 0.012416 -0.004901 -0.014317 -0.002497 0.270576 -0.001863 0.962694 
1590205689.678184 0.011814 -0.004670 -0.014066 -0.002325 0.270714 -0.001585 0.962656 
1590205689.778024 0.012962 -0.005678 -0.012872 -0.002385 0.270575 -0.001725 0.962694 
1590205689.878344 0.013610 -0.006317 -0.012012 -0.002750 0.270623 -0.001719 0.962680 
1590205689.978184 0.013952 -0.006421 -0.012016 -0.002493 0.270316 -0.001743 0.962767 
1590205690.078033 0.013151 -0.006904 -0.013365 -0.002504 0.270615 -0.001770 0.962683 
1590205690.178353 0.013108 -0.006277 -0.015122 -0.002314 0.270309 -0.001709 0.962769 
1590205690.278193 0.013816 -0.005115 -0.016105 -0.002327 0.270319 -0.001668 0.962767 
1590205690.378033 0.012483 -0.004038 -0.014517 -0.002427 0.270509 -0.001967 0.962712 
1590205690.478353 0.012535 -0.004577 -0.013157 -0.002406 0.270357 -0.001869 0.962755 
1590205690.578193 0.012604 -0.005896 -0.012763 -0.002573 0.270677 -0.001638 0.962665 
1590205690.678033 0.013733 -0.005814 -0.012333 -0.002449 0.270345 -0.001790 0.962759 
1590205690.778353 0.013228 -0.005643 -0.012802 -0.002457 0.270700 -0.001679 0.962659 
1590205690.878193 0.011934 -0.004708 -0.013148 -0.002509 0.270760 -0.001908 0.962642 
1590205690.978033 0.013120 -0.004247 -0.014138 -0.002363 0.270532 -0.001877 0.962706 
1590205691.078362 0.014063 -0.003963 -0.013557 -0.002554 0.270692 -0.001661 0.962661 
1590205691.178202 0.014709 -0.005098 -0.012768 -0.002480 0.270491 -0.001768 0.962718 
1590205691.278042 0.013550 -0.006898 -0.012699 -0.002553 0.270617 -0.001784 0.962682 
1590205691.378362 0.012446 -0.006373 -0.012851 -0.002506 0.270571 -0.001887 0.962695 
1590205691.478202 0.013049 -0.006397 -0.013429 -0.002427 0.270481 -0.001874 0.962720 
1590205691.578042 0.013798 -0.006647 -0.014846 -0.002435 0.270305 -0.001806 0.962770 
1590205691.678362 0.013751 -0.006532 -0.015143 -0.002428 0.270594 -0.001970 0.962689 
1590205691.778202 0.012396 -0.006568 -0.012821 -0.002594 0.270704 -0.001812 0.962657 
1590205691.878042 0.011838 -0.006694 -0.011467 -0.002606 0.270658 -0.001677 0.962671 
1590205691.978362 0.011942 -0.006088 -0.012385 -0.002708 0.270437 -0.001782 0.962732 
1590205692.078211 0.013714 -0.006131 -0.014251 -0.002460 0.270450 -0.001571 0.962730 
1590205692.178051 0.013909 -0.007329 -0.014464 -0.002659 0.270342 -0.001653 0.962759 
1590205692.278371 0.013400 -0.006676 -0.013007 -0.002590 0.270347 -0.001809 0.962758 
1590205692.378211 0.014413 -0.006375 -0.011928 -0.002610 0.270484 -0.001689 0.962719 
1590205692.478051 0.013361 -0.006162 -0.012806 -0.002540 0.270515 -0.001619 0.962711 
1590205692.578371 0.014169 -0.006957 -0.013238 -0.002636 0.270453 -0.001802 0.962728 
1590205692.678211 0.013798 -0.006356 -0.014392 -0.002636 0.270514 -0.001682 0.962711 
1590205692.778051 0.014293 -0.005241 -0.014623 -0.002316 0.270593 -0.001521 0.962690 
1590205692.878371 0.013162 -0.005244 -0.013174 -0.002469 0.270755 -0.001734 0.962644 
1590205692.978211 0.013357 -0.005319 -0.013271 -0.002576 0.270566 -0.001747 0.962696 
1590205693.078060 0.013562 -0.005089 -0.014927 -0.002218 0.270358 -0.001359 0.962756 
1590205693.178380 0.013236 -0.005508 -0.013389 -0.002560 0.270591 -0.001809 0.962689 
1590205693.278220 0.013911 -0.006598 -0.013120 -0.002459 0.270595 -0.001813 0.962688 
1590205693.378060 0.013595 -0.007415 -0.013204 -0.002553 0.270555 -0.001541 0.962700 
1590205693.478380 0.012730 -0.007908 -0.013751 -0.002557 0.270524 -0.001695 0.962708 
1590205693.578220 0.013456 -0.006996 -0.015041 -0.002532 0.270559 -0.002042 0.962698 
1590205693.678060 0.012715 -0.005167 -0.014210 -0.002517 0.270515 -0.001849 0.962711 
1590205693.778380 0.012533 -0.005719 -0.015123 -0.002501 0.270671 -0.001689 0.962667 
1590205693.878220 0.012695 -0.005318 -0.014893 -0.002431 0.270730 -0.001952 0.962650 
1590205693.978060 0.013529 -0.004879 -0.013485 -0.002463 0.270397 -0.001815 0.962744 
1590205694.078388 0.014297 -0.004855 -0.013402 -0.002409 0.270500 -0.001745 0.962715 
1590205694.178228 0.014487 -0.007110 -0.012714 -0.002532 0.270313 -0.001791 0.962768 
1590205694.278068 0.013848 -0.007496 -0.013140 -0.002566 0.270565 -0.001921 0.962696 
1590205694.378388 0.013930 -0.006180 -0.015193 -0.002564 0.270445 -0.001996 0.962730 
1590205694.478228 0.013570 -0.005673 -0.015891 -0.002228 0.270511 -0.001672 0.962713 
1590205694.578068 0.012240 -0.005904 -0.014648 -0.002465 0.270753 -0.001873 0.962644 
1590205694.678388 0.012467 -0.005065 -0.013888 -0.002594 0.270433 -0.001773 0.962734 
1590205694.778229 0.013678 -0.005619 -0.013369 -0.002584 0.270519 -0.001706 0.962710 
1590205694.878068 0.014269 -0.005650 -0.012694 -0.002380 0.270323 -0.001676 0.962765 
1590205694.978388 0.013360 -0.006532 -0.013402 -0.002501 0.270599 -0.001790 0.962687 
1590205695.078237 0.012244 -0.006270 -0.013726 -0.002625 0.270826 -0.001913 0.962623 
1590205695.178077 0.012343 -0.005998 -0.014437 -0.002244 0.270746 -0.001779 0.962647 
1590205695.278397 0.013282 -0.007074 -0.014976 -0.002526 0.270395 -0.001657 0.962745 
1590205695.378237 0.013648 -0.005640 -0.015415 -0.002478 0.270243 -0.001660 0.962788 
1590205695.478077 0.012803 -0.004862 -0.014631 -0.002482 0.270580 -0.001645 0.962693 
1590205695.578397 0.013008 -0.006650 -0.013057 -0.002676 0.270588 -0.001706 0.962690 
1590205695.678237 0.012917 -0.007568 -0.012978 -0.002419 0.270742 -0.001731 0.962647 
1590205695.778077 0.013071 -0.007111 -0.013199 -0.002628 0.270506 -0.001700 0.962713 
1590205695.878397 0.013412 -0.005726 -0.013572 -0.002471 0.270675 -0.001783 0.962666 
1590205695.978237 0.014176 -0.005881 -0.013980 -0.002503 0.270502 -0.001742 0.962715 
1590205696.078086 0.012921 -0.006522 -0.013228 -0.002763 0.270725 -0.001745 0.962651 
1590205696.178406 0.013298 -0.005699 -0.014689 -0.002460 0.270547 -0.001614 0.962702 
1590205696.278246 0.013341 -0.005562 -0.014682 -0.002325 0.270502 -0.001671 0.962715 
1590205696.378086 0.014361 -0.005001 -0.014394 -0.002521 0.270306 -0.001767 0.962770 
1590205696.478406 0.014045 -0.005848 -0.013221 -0.002516 0.270589 -0.001662 0.962690 
1590205696.578246 0.013980 -0.006620 -0.012823 -0.002408 0.270551 -0.001717 0.962701 
1590205696.678086 0.013322 -0.007293 -0.013766 -0.002534 0.270604 -0.001759 0.962686 
1590205696.778406 0.011962 -0.006619 -0.013980 -0.002485 0.270543 -0.001593 0.962703 
1590205696.878246 0.011998 -0.006032 -0.015277 -0.002396 0.270389 -0.001531 0.962747 
1590205696.978086 0.013220 -0.005756 -0.015284 -0.002314 0.270383 -0.001611 0.962749 
1590205697.078415 0.013258 -0.005852 -0.014627 -0.002600 0.270337 -0.001746 0.962761 
1590205697.178255 0.013067 -0.006724 -0.013494 -0.002586 0.270684 -0.001435 0.962664 
1590205697.278095 0.012709 -0.007264 -0.012813 -0.002480 0.270490 -0.001766 0.962718 
1590205697.378415 0.011545 -0.007490 -0.013168 -0.002774 0.270602 -0.001620 0.962686 
1590205697.478255 0.010705 -0.005668 -0.013936 -0.002431 0.270658 -0.001841 0.962671 
1590205697.578095 0.012159 -0.004581 -0.015185 -0.002214 0.270569 -0.001648 0.962697 
1590205697.678415 0.013674 -0.004524 -0.013523 -0.002249 0.270640 -0.001746 0.962676 
1590205697.778255 0.013395 -0.005221 -0.013840 -0.002289 0.270507 -0.001725 0.962714 
1590205697.878095 0.013814 -0.005861 -0.014233 -0.002504 0.270537 -0.001614 0.962705 
1590205697.978415 0.013910 -0.007456 -0.013604 -0.002698 0.270383 -0.001515 0.962748 
1590205698.078264 0.014468 -0.006683 -0.013663 -0.002420 0.270398 -0.001596 0.962744 
1590205698.178103 0.013989 -0.005778 -0.014276 -0.002450 0.270450 -0.001779 0.962729 
1590205698.278424 0.013667 -0.004893 -0.016030 -0.002306 0.270524 -0.001688 0.962709 
1590205698.378263 0.014181 -0.005644 -0.014736 -0.002490 0.270326 -0.001703 0.962764 
1590205698.478103 0.013435 -0.005747 -0.014225 -0.002375 0.270362 -0.001797 0.962754 
1590205698.578424 0.013896 -0.006261 -0.013905 -0.002561 0.270395 -0.001622 0.962745 
1590205698.678263 0.013876 -0.007599 -0.013489 -0.002585 0.270328 -0.001537 0.962764 
1590205698.778104 0.013995 -0.006644 -0.013784 -0.002461 0.270430 -0.001794 0.962735 
1590205698.878423 0.013853 -0.005066 -0.014975 -0.002456 0.270365 -0.001660 0.962753 
1590205698.978263 0.013390 -0.005041 -0.015299 -0.002322 0.270650 -0.001813 0.962673 
1590205699.078112 0.013913 -0.006128 -0.013968 -0.002506 0.270544 -0.001694 0.962703 
1590205699.178432 0.014450 -0.006232 -0.013346 -0.002431 0.270256 -0.001591 0.962784 
1590205699.278272 0.014305 -0.006437 -0.012259 -0.002542 0.270758 -0.001541 0.962643 
1590205699.378113 0.012567 -0.006404 -0.012458 -0.002519 0.270534 -0.001595 0.962706 
1590205699.478432 0.013820 -0.005891 -0.013132 -0.002364 0.270465 -0.001731 0.962725 
1590205699.578272 0.012998 -0.006590 -0.014373 -0.002616 0.270452 -0.001486 0.962729 
1590205699.678113 0.012183 -0.005810 -0.013814 -0.002449 0.270572 -0.001645 0.962695 
1590205699.778432 0.012838 -0.004651 -0.012895 -0.002324 0.270503 -0.001748 0.962715 
1590205699.878273 0.013479 -0.004868 -0.012632 -0.002440 0.270637 -0.001629 0.962677 
1590205699.978112 0.012829 -0.005414 -0.013515 -0.002393 0.270493 -0.001648 0.962718 
1590205700.078441 0.013780 -0.005153 -0.013401 -0.002357 0.270484 -0.001586 0.962720 
1590205700.178281 0.014059 -0.005815 -0.013680 -0.002590 0.270539 -0.001937 0.962704 
1590205700.278121 0.014389 -0.006565 -0.015083 -0.002392 0.270484 -0.001728 0.962720 
1590205700.378441 0.014326 -0.006465 -0.015224 -0.002491 0.270418 -0.001874 0.962738 
1590205700.478281 0.012351 -0.005645 -0.013623 -0.002284 0.270605 -0.001809 0.962686 
1590205700.578121 0.012438 -0.006138 -0.012643 -0.002714 0.270781 -0.001736 0.962635 
1590205700.678441 0.011746 -0.005471 -0.013243 -0.002211 0.270714 -0.001603 0.962656 
1590205700.778281 0.011937 -0.005869 -0.013624 -0.002531 0.270283 -0.001762 0.962776 
1590205700.878121 0.012207 -0.006555 -0.013219 -0.002397 0.270452 -0.001819 0.962729 
1590205700.978441 0.013763 -0.007652 -0.013296 -0.002740 0.270404 -0.001748 0.962741 
1590205701.078290 0.013948 -0.006524 -0.013536 -0.002391 0.270665 -0.001668 0.962669 
1590205701.178130 0.012844 -0.004560 -0.012547 -0.002325 0.270659 -0.001855 0.962671 
1590205701.278450 0.013658 -0.005040 -0.011876 -0.002504 0.270728 -0.001854 0.962651 
1590205701.378290 0.013011 -0.006069 -0.013647 -0.002316 0.270599 -0.001597 0.962688 
1590205701.478130 0.012788 -0.006001 -0.014734 -0.002316 0.270559 -0.001789 0.962699 
1590205701.578450 0.013386 -0.006059 -0.014081 -0.002451 0.270362 -0.001686 0.962754 
1590205701.678290 0.014085 -0.006560 -0.013580 -0.002562 0.270385 -0.001612 0.962747 
1590205701.778130 0.015462 -0.006724 -0.012875 -0.002596 0.270433 -0.001641 0.962734 
1590205701.878450 0.013859 -0.006949 -0.013472 -0.002441 0.270549 -0.001648 0.962702 
1590205701.978290 0.012571 -0.006946 -0.014188 -0.002409 0.270651 -0.001678 0.962673 
1590205702.078139 0.011370 -0.006333 -0.015043 -0.002342 0.270696 -0.001620 0.962661 
1590205702.178459 0.011968 -0.005833 -0.014622 -0.002514 0.270495 -0.001585 0.962717 
1590205702.278299 0.012572 -0.005601 -0.013404 -0.002581 0.270680 -0.001531 0.962665 
1590205702.378139 0.013369 -0.005901 -0.012995 -0.002553 0.270669 -0.001668 0.962668 
1590205702.478459 0.014735 -0.006169 -0.012986 -0.002567 0.270436 -0.001485 0.962733 
1590205702.578299 0.014360 -0.007891 -0.013764 -0.002453 0.270125 -0.001521 0.962821 
1590205702.678139 0.014112 -0.006905 -0.013865 -0.002616 0.270380 -0.001832 0.962748 
1590205702.778459 0.013546 -0.006244 -0.013957 -0.002632 0.270380 -0.001761 0.962748 
1590205702.878299 0.011955 -0.005849 -0.014220 -0.002277 0.270286 -0.001798 0.962776 
1590205702.978139 0.012954 -0.005987 -0.013971 -0.002517 0.270663 -0.001659 0.962669 
1590205703.078487 0.012822 -0.006181 -0.013631 -0.002728 0.270475 -0.001793 0.962721 
1590205703.178328 0.012757 -0.005830 -0.014237 -0.002332 0.270685 -0.001573 0.962664 
1590205703.278167 0.012618 -0.006239 -0.013820 -0.002425 0.270526 -0.001873 0.962708 
1590205703.378488 0.013359 -0.007488 -0.014112 -0.002451 0.270528 -0.001641 0.962708 
1590205703.478328 0.014146 -0.006849 -0.014999 -0.002429 0.270529 -0.001522 0.962708 
1590205703.578167 0.013681 -0.006523 -0.014134 -0.002317 0.270645 -0.001680 0.962675 
1590205703.678488 0.014011 -0.006215 -0.014072 -0.002288 0.270535 -0.001641 0.962706 
1590205703.778327 0.013064 -0.005294 -0.014095 -0.002479 0.270547 -0.001587 0.962702 
1590205703.878167 0.012073 -0.005961 -0.013960 -0.002314 0.270758 -0.001610 0.962643 
1590205703.978487 0.012294 -0.006786 -0.012382 -0.002711 0.270616 -0.001776 0.962682 
1590205704.078336 0.013068 -0.007325 -0.011871 -0.002569 0.270679 -0.001727 0.962665 
1590205704.178176 0.013801 -0.007488 -0.014011 -0.002581 0.270570 -0.001498 0.962696 
1590205704.278016 0.013107 -0.006267 -0.014197 -0.002542 0.270548 -0.001851 0.962701 
1590205704.378336 0.014419 -0.006243 -0.013743 -0.002639 0.270297 -0.001757 0.962772 
1590205704.478176 0.015328 -0.006598 -0.014045 -0.002524 0.270563 -0.001615 0.962697 
1590205704.578016 0.013793 -0.006494 -0.013472 -0.002432 0.270596 -0.001624 0.962689 
1590205704.678336 0.012649 -0.006833 -0.012689 -0.002727 0.270558 -0.001850 0.962698 
1590205704.778176 0.010121 -0.006688 -0.013227 -0.002375 0.270646 -0.001723 0.962674 
1590205704.878016 0.009197 -0.005387 -0.014598 -0.002367 0.270585 -0.001889 0.962691 
1590205704.978336 0.010086 -0.006121 -0.014243 -0.002466 0.270712 -0.001814 0.962656 
1590205705.078185 0.013658 -0.005980 -0.013511 -0.002502 0.270474 -0.001894 0.962722 
1590205705.178025 0.014116 -0.006273 -0.013201 -0.002424 0.270632 -0.001743 0.962678 
1590205705.278345 0.013410 -0.006019 -0.013726 -0.002148 0.270715 -0.001794 0.962655 
1590205705.378185 0.013504 -0.007344 -0.012996 -0.002718 0.270771 -0.001686 0.962639 
1590205705.478025 0.013494 -0.006894 -0.012885 -0.002518 0.270602 -0.001720 0.962686 
1590205705.578345 0.012976 -0.007218 -0.013592 -0.002406 0.270425 -0.001561 0.962737 
1590205705.678185 0.013765 -0.007408 -0.014404 -0.002512 0.270510 -0.001707 0.962712 
1590205705.778025 0.014704 -0.005509 -0.014862 -0.002409 0.270460 -0.001854 0.962726 
1590205705.878345 0.014104 -0.006206 -0.014981 -0.002489 0.270476 -0.001726 0.962722 
1590205705.978185 0.012810 -0.007498 -0.013818 -0.002617 0.270691 -0.001653 0.962661 
1590205706.078034 0.011750 -0.007293 -0.012842 -0.002398 0.270530 -0.001753 0.962707 
1590205706.178354 0.013576 -0.006763 -0.012830 -0.002696 0.270503 -0.001680 0.962714 
1590205706.278194 0.013299 -0.005689 -0.015136 -0.002200 0.270643 -0.001744 0.962676 
1590205706.378034 0.013999 -0.005299 -0.014304 -0.002540 0.270440 -0.001912 0.962732 
1590205706.478354 0.015667 -0.006030 -0.013877 -0.002449 0.270391 -0.001871 0.962746 
1590205706.578194 0.014891 -0.007074 -0.012634 -0.002603 0.270690 -0.001660 0.962662 
1590205706.678034 0.014638 -0.007070 -0.013619 -0.002410 0.270196 -0.001651 0.962801 
1590205706.778354 0.013523 -0.007131 -0.014053 -0.002389 0.270429 -0.001725 0.962735 
1590205706.878194 0.011286 -0.005941 -0.013716 -0.002584 0.270581 -0.001860 0.962692 
1590205706.978034 0.012036 -0.004798 -0.013913 -0.002262 0.270517 -0.001761 0.962711 
1590205707.078362 0.012039 -0.005616 -0.013412 -0.002402 0.270588 -0.001643 0.962691 
1590205707.178203 0.012216 -0.004930 -0.013530 -0.002515 0.270179 -0.001881 0.962805 
1590205707.278043 0.014703 -0.006831 -0.012708 -0.002543 0.270644 -0.001618 0.962675 
1590205707.378363 0.014683 -0.007271 -0.013781 -0.002545 0.270310 -0.001667 0.962769 
1590205707.478203 0.014329 -0.007335 -0.013669 -0.002670 0.270455 -0.001774 0.962727 
1590205707.578043 0.012601 -0.005597 -0.014153 -0.002566 0.270604 -0.001793 0.962686 
1590205707.678363 0.012242 -0.004428 -0.015031 -0.002289 0.270692 -0.001655 0.962662 
1590205707.778203 0.011944 -0.006186 -0.014648 -0.002182 0.270461 -0.001666 0.962727 
1590205707.878042 0.012404 -0.005704 -0.013900 -0.002614 0.270622 -0.001731 0.962681 
1590205707.978363 0.012478 -0.005284 -0.014351 -0.002300 0.270500 -0.001545 0.962716 
1590205708.078212 0.013338 -0.006074 -0.013947 -0.002539 0.270554 -0.001699 0.962700 
1590205708.178051 0.013086 -0.004919 -0.014004 -0.002364 0.270387 -0.001775 0.962747 
1590205708.278372 0.012110 -0.006377 -0.013338 -0.002547 0.270630 -0.001548 0.962679 
1590205708.378211 0.012737 -0.007946 -0.012939 -0.002654 0.270553 -0.001608 0.962700 
1590205708.478051 0.013899 -0.007669 -0.013143 -0.002451 0.270383 -0.001616 0.962748 
1590205708.578372 0.013323 -0.006461 -0.012942 -0.002657 0.270610 -0.001608 0.962684 
1590205708.678211 0.013598 -0.004889 -0.012187 -0.002403 0.270431 -0.001766 0.962735 
1590205708.778052 0.014173 -0.005502 -0.013336 -0.002450 0.270519 -0.001658 0.962710 
1590205708.878371 0.014574 -0.005820 -0.015168 -0.002460 0.270259 -0.001630 0.962783 
1590205708.978212 0.014742 -0.006758 -0.015937 -0.002432 0.270503 -0.001496 0.962715 
1590205709.078060 0.014797 -0.005874 -0.014131 -0.002317 0.270512 -0.001538 0.962713 
1590205709.178380 0.014017 -0.005691 -0.012903 -0.002530 0.270302 -0.001764 0.962771 
1590205709.278220 0.013568 -0.005090 -0.012987 -0.002359 0.270562 -0.001523 0.962699 
1590205709.378060 0.014182 -0.005741 -0.013051 -0.002470 0.270221 -0.001636 0.962794 
1590205709.478380 0.013438 -0.006098 -0.013906 -0.002462 0.270496 -0.001749 0.962716 
1590205709.578220 0.011663 -0.006761 -0.014390 -0.002399 0.270660 -0.001711 0.962670 
1590205709.678060 0.011918 -0.006195 -0.015092 -0.002354 0.270421 -0.001792 0.962738 
1590205709.778380 0.013289 -0.005258 -0.014869 -0.002208 0.270425 -0.001578 0.962737 
1590205709.878220 0.013406 -0.005723 -0.013426 -0.002465 0.270451 -0.001698 0.962729 
1590205709.978060 0.012778 -0.006397 -0.014215 -0.002204 0.270394 -0.001619 0.962746 
1590205710.078389 0.013008 -0.006789 -0.014549 -0.002467 0.270338 -0.001727 0.962761 
1590205710.178229 0.012944 -0.006620 -0.014311 -0.002454 0.270636 -0.001685 0.962677 
1590205710.278069 0.013593 -0.006093 -0.014264 -0.002407 0.270464 -0.001691 0.962726 
1590205710.378389 0.014064 -0.005561 -0.014728 -0.002219 0.270370 -0.001706 0.962752 
1590205710.478229 0.014491 -0.004889 -0.013939 -0.002551 0.270509 -0.001732 0.962712 
1590205710.578069 0.014534 -0.005711 -0.013249 -0.002481 0.270639 -0.001571 0.962677 
1590205710.678389 0.013415 -0.005572 -0.013171 -0.002375 0.270575 -0.001591 0.962695 
1590205710.778229 0.013805 -0.005788 -0.013204 -0.002500 0.270233 -0.001678 0.962790 
1590205710.878069 0.013247 -0.005846 -0.012770 -0.002392 0.270874 -0.001612 0.962611 
1590205710.978389 0.013239 -0.005687 -0.013810 -0.002313 0.270536 -0.001827 0.962705 
1590205711.078238 0.013211 -0.006052 -0.015257 -0.002340 0.270383 -0.001766 0.962748 
1590205711.178078 0.011396 -0.005285 -0.013629 -0.002549 0.270798 -0.001774 0.962631 
1590205711.378238 0.011992 -0.005754 -0.011842 -0.002617 0.270571 -0.001806 0.962695 
1590205711.478078 0.014361 -0.004451 -0.012104 -0.002274 0.270460 -0.001714 0.962727 
1590205711.578398 0.014398 -0.006925 -0.013036 -0.002563 0.270417 -0.001612 0.962738 
1590205711.678238 0.015018 -0.005754 -0.015062 -0.002452 0.270380 -0.001763 0.962749 
1590205711.778078 0.014422 -0.005790 -0.015083 -0.002353 0.270637 -0.001762 0.962677 
1590205711.878398 0.014264 -0.004752 -0.013452 -0.002430 0.270601 -0.001713 0.962687 
1590205711.978238 0.013821 -0.005481 -0.011379 -0.002551 0.270531 -0.001840 0.962706 
1590205712.078087 0.013134 -0.006418 -0.011835 -0.002528 0.270575 -0.001700 0.962694 
1590205712.178407 0.012995 -0.005714 -0.013173 -0.002474 0.270616 -0.001569 0.962683 
1590205712.278247 0.013473 -0.006562 -0.014025 -0.002534 0.270594 -0.001716 0.962689 
1590205712.378087 0.013961 -0.005459 -0.014145 -0.002383 0.270577 -0.001719 0.962694 
1590205712.478407 0.014280 -0.005669 -0.014072 -0.002390 0.270587 -0.001444 0.962692 
1590205712.578247 0.012526 -0.006729 -0.012396 -0.002585 0.270611 -0.001675 0.962684 
1590205712.678087 0.012639 -0.007212 -0.011860 -0.002569 0.270712 -0.001867 0.962655 
1590205712.778407 0.012688 -0.005043 -0.012439 -0.002528 0.270628 -0.001709 0.962679 
1590205712.878247 0.013447 -0.004446 -0.013891 -0.002424 0.270556 -0.001625 0.962700 
1590205712.978087 0.012526 -0.006267 -0.013648 -0.002558 0.270441 -0.001585 0.962732 
1590205713.078415 0.012771 -0.006606 -0.013928 -0.002577 0.270304 -0.001726 0.962770 
1590205713.178255 0.013627 -0.006882 -0.014233 -0.002594 0.270360 -0.001687 0.962754 
1590205713.278095 0.012888 -0.007553 -0.013533 -0.002736 0.270455 -0.001576 0.962727 
1590205713.378415 0.013716 -0.006693 -0.013507 -0.002741 0.270657 -0.001636 0.962670 
1590205713.478255 0.013105 -0.005768 -0.013826 -0.002596 0.270679 -0.001680 0.962665 
1590205713.578095 0.013523 -0.004744 -0.014442 -0.002231 0.270540 -0.001721 0.962705 
1590205713.678415 0.012975 -0.005545 -0.013686 -0.002483 0.270384 -0.001722 0.962748 
1590205713.778255 0.013607 -0.006067 -0.014308 -0.002413 0.270383 -0.001791 0.962748 
1590205713.878095 0.013622 -0.006885 -0.015739 -0.002427 0.270423 -0.001476 0.962737 
1590205713.978415 0.013565 -0.006563 -0.013933 -0.002612 0.270722 -0.001680 0.962652 
1590205714.078264 0.013410 -0.006859 -0.013602 -0.002679 0.270339 -0.001740 0.962760 
1590205714.178104 0.013896 -0.005814 -0.012554 -0.002590 0.270695 -0.001658 0.962660 
1590205714.278424 0.013145 -0.006028 -0.013822 -0.002557 0.270308 -0.001643 0.962769 
1590205714.378264 0.013071 -0.006548 -0.014468 -0.002616 0.270637 -0.002078 0.962676 
1590205714.478104 0.012185 -0.006596 -0.014855 -0.002479 0.270602 -0.001743 0.962686 
1590205714.578424 0.011929 -0.006636 -0.014325 -0.002422 0.270678 -0.001814 0.962665 
1590205714.678264 0.011099 -0.007051 -0.013864 -0.002486 0.270366 -0.001860 0.962753 
1590205714.778104 0.013140 -0.005501 -0.013486 -0.002590 0.270343 -0.001922 0.962759 
1590205714.878424 0.014748 -0.005319 -0.013881 -0.002493 0.270408 -0.001695 0.962741 
1590205714.978264 0.014889 -0.005355 -0.013140 -0.002623 0.270450 -0.001587 0.962729 
1590205715.078113 0.013245 -0.006337 -0.013279 -0.002874 0.270473 -0.001691 0.962722 
1590205715.178433 0.012635 -0.006671 -0.013626 -0.002758 0.270436 -0.001764 0.962732 
1590205715.278273 0.012613 -0.007606 -0.013845 -0.002719 0.270530 -0.001482 0.962707 
1590205715.378113 0.012306 -0.007506 -0.013154 -0.002852 0.270441 -0.001773 0.962731 
1590205715.478433 0.014353 -0.005893 -0.013389 -0.002724 0.270110 -0.001870 0.962824 
1590205715.578273 0.014127 -0.006917 -0.014069 -0.002669 0.270331 -0.001575 0.962762 
1590205715.678113 0.014545 -0.007085 -0.013528 -0.002713 0.270293 -0.001675 0.962773 
1590205715.778433 0.013539 -0.006173 -0.014093 -0.002499 0.270278 -0.001723 0.962778 
1590205715.878273 0.013200 -0.006579 -0.015214 -0.002732 0.270230 -0.001641 0.962790 
1590205715.978113 0.013145 -0.006887 -0.014822 -0.002552 0.270331 -0.001580 0.962763 
1590205716.078442 0.013107 -0.006273 -0.014318 -0.002633 0.270545 -0.001664 0.962702 
1590205716.178282 0.013464 -0.004953 -0.014435 -0.002456 0.270396 -0.001765 0.962744 
1590205716.278122 0.012405 -0.005422 -0.015119 -0.002379 0.270528 -0.001589 0.962708 
1590205716.378442 0.012857 -0.005862 -0.014125 -0.002609 0.270377 -0.001668 0.962749 
1590205716.478282 0.013566 -0.006727 -0.013829 -0.002594 0.270278 -0.001626 0.962777 
1590205716.578122 0.014638 -0.007539 -0.013208 -0.002667 0.270358 -0.001722 0.962755 
1590205716.678442 0.012913 -0.008199 -0.012448 -0.002595 0.270573 -0.001633 0.962694 
1590205716.778282 0.012653 -0.008455 -0.012366 -0.002637 0.270764 -0.001670 0.962641 
1590205716.878122 0.011840 -0.005984 -0.012548 -0.002612 0.270682 -0.001687 0.962664 
1590205716.978442 0.012040 -0.005126 -0.014860 -0.002478 0.270410 -0.001714 0.962741 
1590205717.078290 0.013511 -0.005617 -0.015018 -0.002467 0.270447 -0.001769 0.962730 
1590205717.178130 0.014099 -0.005687 -0.014382 -0.002509 0.270247 -0.001729 0.962786 
1590205717.278450 0.014087 -0.005516 -0.013078 -0.002558 0.270336 -0.001491 0.962761 
1590205717.378290 0.013147 -0.006744 -0.011968 -0.002433 0.270406 -0.001515 0.962742 
1590205717.478130 0.012997 -0.007327 -0.012300 -0.002642 0.270445 -0.001734 0.962730 
1590205717.578450 0.012770 -0.006252 -0.012545 -0.002688 0.270678 -0.001650 0.962665 
1590205717.678290 0.013007 -0.005896 -0.014048 -0.002648 0.270318 -0.001613 0.962766 
1590205717.778130 0.013749 -0.005730 -0.014912 -0.002530 0.270400 -0.001717 0.962743 
1590205717.878450 0.014501 -0.004862 -0.014758 -0.002569 0.270282 -0.001741 0.962776 
1590205717.978290 0.013002 -0.006136 -0.012339 -0.002730 0.270499 -0.001666 0.962715 
1590205718.078139 0.012173 -0.007733 -0.012443 -0.002765 0.270477 -0.001774 0.962721 
1590205718.178459 0.013761 -0.007424 -0.013198 -0.002506 0.270347 -0.001782 0.962758 
1590205718.278299 0.014243 -0.005711 -0.014446 -0.002551 0.270353 -0.001743 0.962756 
1590205718.378139 0.014129 -0.004708 -0.016315 -0.002345 0.270253 -0.001815 0.962785 
1590205718.478459 0.013834 -0.004537 -0.014003 -0.002424 0.270423 -0.001732 0.962737 
1590205718.578299 0.013772 -0.004941 -0.012634 -0.002505 0.270160 -0.001723 0.962811 
1590205718.678139 0.014485 -0.004821 -0.012829 -0.002682 0.270438 -0.001568 0.962732 
1590205718.778459 0.013478 -0.004927 -0.014040 -0.002428 0.270289 -0.001701 0.962775 
1590205718.878299 0.013734 -0.006114 -0.014155 -0.002554 0.270183 -0.001691 0.962804 
1590205718.978139 0.013619 -0.005328 -0.013203 -0.002450 0.270290 -0.001875 0.962774 
1590205719.078488 0.013985 -0.005616 -0.013793 -0.002312 0.270476 -0.001680 0.962723 
1590205719.178328 0.013722 -0.005853 -0.012525 -0.002296 0.270724 -0.001571 0.962653 
1590205719.278168 0.012919 -0.005240 -0.011946 -0.002525 0.270599 -0.001769 0.962687 
1590205719.378488 0.014354 -0.005103 -0.012891 -0.002459 0.270467 -0.001673 0.962725 
1590205719.478328 0.014459 -0.005309 -0.013648 -0.002690 0.270389 -0.001814 0.962746 
1590205719.578168 0.014962 -0.006272 -0.012871 -0.002686 0.270314 -0.001797 0.962767 
1590205719.678488 0.013862 -0.006436 -0.013301 -0.002560 0.270494 -0.001718 0.962717 
1590205719.778328 0.013012 -0.006302 -0.014227 -0.002580 0.270347 -0.001528 0.962758 
1590205719.878168 0.012843 -0.004454 -0.013692 -0.002644 0.270340 -0.001612 0.962760 
1590205719.978488 0.013681 -0.006105 -0.013160 -0.002614 0.270456 -0.001705 0.962727 
1590205720.078337 0.013908 -0.006471 -0.013145 -0.002529 0.270325 -0.001810 0.962764 
1590205720.178177 0.013886 -0.006147 -0.013277 -0.002534 0.270383 -0.001608 0.962748 
1590205720.278017 0.014394 -0.006470 -0.014358 -0.002416 0.270288 -0.001651 0.962775 
1590205720.378337 0.013803 -0.006428 -0.015005 -0.002459 0.270517 -0.001735 0.962710 
1590205720.478177 0.013890 -0.005935 -0.014690 -0.002455 0.270399 -0.001757 0.962744 
1590205720.578017 0.014000 -0.005577 -0.013943 -0.002387 0.270473 -0.001585 0.962723 
1590205720.678337 0.013069 -0.005938 -0.014386 -0.002559 0.270701 -0.001573 0.962659 
1590205720.778177 0.013438 -0.006028 -0.014522 -0.002368 0.270481 -0.001742 0.962721 
1590205720.878017 0.013402 -0.005468 -0.012823 -0.002598 0.270553 -0.001675 0.962700 
1590205720.978337 0.014415 -0.004679 -0.012964 -0.002500 0.270263 -0.001814 0.962782 
1590205721.078186 0.014517 -0.005810 -0.013275 -0.002444 0.270388 -0.001687 0.962747 
1590205721.178026 0.014812 -0.006598 -0.013888 -0.002703 0.270253 -0.001562 0.962784 
1590205721.278346 0.013616 -0.007614 -0.013323 -0.002535 0.270510 -0.001717 0.962712 
1590205721.378186 0.014120 -0.007338 -0.014949 -0.002432 0.270306 -0.001637 0.962770 
1590205721.478026 0.014198 -0.005832 -0.015075 -0.002338 0.270186 -0.001719 0.962804 
1590205721.578346 0.012047 -0.005162 -0.012870 -0.002673 0.270607 -0.001803 0.962684 
1590205721.678186 0.013475 -0.005662 -0.012209 -0.002603 0.270365 -0.001586 0.962753 
1590205721.778026 0.014112 -0.007532 -0.013039 -0.002624 0.270352 -0.001550 0.962757 
1590205721.878346 0.015809 -0.007324 -0.014160 -0.002549 0.270375 -0.001590 0.962750 
1590205721.978186 0.014265 -0.007739 -0.014140 -0.002497 0.270164 -0.001770 0.962809 
1590205722.078034 0.012878 -0.006716 -0.014668 -0.002554 0.270381 -0.001778 0.962748 
1590205722.178354 0.011918 -0.005970 -0.014743 -0.002395 0.270468 -0.001626 0.962725 
1590205722.278194 0.012784 -0.005955 -0.014713 -0.002431 0.270524 -0.001619 0.962709 
1590205722.378034 0.013552 -0.005839 -0.013700 -0.002404 0.270364 -0.001682 0.962754 
1590205722.478354 0.014372 -0.007170 -0.013278 -0.002694 0.270288 -0.001585 0.962774 
1590205722.578194 0.014855 -0.007221 -0.013525 -0.002534 0.270383 -0.001695 0.962748 
1590205722.678034 0.015223 -0.006547 -0.013762 -0.002452 0.270383 -0.001621 0.962748 
1590205722.778354 0.015183 -0.005844 -0.013910 -0.002657 0.270264 -0.001701 0.962781 
1590205722.878194 0.014461 -0.005927 -0.014001 -0.002649 0.270417 -0.001527 0.962738 
1590205722.978034 0.012473 -0.007118 -0.013531 -0.002654 0.270527 -0.001815 0.962707 
1590205723.078363 0.012501 -0.006382 -0.013546 -0.002575 0.270494 -0.001798 0.962716 
1590205723.178203 0.012613 -0.005439 -0.014158 -0.002518 0.270242 -0.001643 0.962788 
1590205723.278043 0.012933 -0.005544 -0.014374 -0.002291 0.270701 -0.001558 0.962660 
1590205723.378363 0.013826 -0.006834 -0.013400 -0.002633 0.270382 -0.001627 0.962748 
1590205723.478203 0.013122 -0.005936 -0.013339 -0.002509 0.270486 -0.001706 0.962719 
1590205723.578043 0.012906 -0.006853 -0.012098 -0.002664 0.270520 -0.001665 0.962709 
1590205723.678363 0.012965 -0.007231 -0.013237 -0.002567 0.270372 -0.001863 0.962751 
1590205723.778203 0.014337 -0.007354 -0.013800 -0.002546 0.270464 -0.001872 0.962725 
1590205723.878043 0.014376 -0.007018 -0.013938 -0.002802 0.270365 -0.001680 0.962752 
1590205723.978363 0.014097 -0.006200 -0.014528 -0.002317 0.270630 -0.001701 0.962679 
1590205724.078212 0.012785 -0.006117 -0.013622 -0.002376 0.270449 -0.001563 0.962730 
1590205724.178052 0.014118 -0.006316 -0.013072 -0.002637 0.270338 -0.001760 0.962760 
1590205724.278372 0.015084 -0.006641 -0.013769 -0.002525 0.270349 -0.001583 0.962758 
1590205724.378212 0.015501 -0.006222 -0.013655 -0.002518 0.270311 -0.001751 0.962768 
1590205724.478052 0.016025 -0.006866 -0.013302 -0.002645 0.270270 -0.001850 0.962779 
1590205724.578372 0.014758 -0.006211 -0.013421 -0.002556 0.270479 -0.001628 0.962721 
1590205724.678212 0.013682 -0.007150 -0.014399 -0.002303 0.270636 -0.001627 0.962678 
1590205724.778052 0.012199 -0.007772 -0.013435 -0.002557 0.270551 -0.001636 0.962701 
1590205724.878372 0.012455 -0.007080 -0.013595 -0.002546 0.270298 -0.001704 0.962772 
1590205724.978212 0.012013 -0.006276 -0.012770 -0.002583 0.270566 -0.001551 0.962697 
1590205725.078061 0.013074 -0.007172 -0.012953 -0.002767 0.270297 -0.001538 0.962772 
1590205725.178381 0.012989 -0.006641 -0.013901 -0.002538 0.270436 -0.001755 0.962733 
1590205725.278221 0.014244 -0.006398 -0.014506 -0.002407 0.270252 -0.001633 0.962785 
1590205725.378061 0.014070 -0.006792 -0.013958 -0.002686 0.270322 -0.001479 0.962765 
1590205725.478381 0.014149 -0.005787 -0.013566 -0.002628 0.270325 -0.001824 0.962764 
1590205725.578221 0.013221 -0.005186 -0.013099 -0.002654 0.270426 -0.001923 0.962735 
1590205725.678061 0.011209 -0.005627 -0.013817 -0.002347 0.270366 -0.001552 0.962753 
1590205725.778381 0.011374 -0.007287 -0.014419 -0.002458 0.270492 -0.001678 0.962718 
1590205725.878221 0.013003 -0.007516 -0.014006 -0.002727 0.270554 -0.001659 0.962699 
1590205725.978061 0.012528 -0.007052 -0.012952 -0.002571 0.270595 -0.001566 0.962689 
1590205726.078389 0.013520 -0.007256 -0.012555 -0.002558 0.270560 -0.001697 0.962698 
1590205726.178229 0.014601 -0.006638 -0.013017 -0.002542 0.270658 -0.001613 0.962671 
1590205726.278069 0.012996 -0.006987 -0.013869 -0.002685 0.270505 -0.001645 0.962713 
1590205726.378389 0.013284 -0.005819 -0.014326 -0.002280 0.270473 -0.001536 0.962724 
1590205726.478230 0.010568 -0.006297 -0.013745 -0.002362 0.270589 -0.001567 0.962691 
1590205726.578069 0.011839 -0.005540 -0.013510 -0.002440 0.270551 -0.001675 0.962701 
1590205726.678390 0.014289 -0.006840 -0.013205 -0.002585 0.270432 -0.001441 0.962735 
1590205726.778229 0.015336 -0.007968 -0.013295 -0.002470 0.270443 -0.001705 0.962731 
1590205726.878069 0.015013 -0.006865 -0.014210 -0.002449 0.270118 -0.001633 0.962823 
1590205727.178078 0.012029 -0.006307 -0.014483 -0.002637 0.270589 -0.001841 0.962690 
1590205727.278399 0.012498 -0.005663 -0.013831 -0.002468 0.270444 -0.001667 0.962731 
1590205727.378238 0.011858 -0.006725 -0.013916 -0.002581 0.270495 -0.001538 0.962717 
1590205727.478078 0.012994 -0.007072 -0.013461 -0.002596 0.270395 -0.001861 0.962744 
1590205727.578398 0.013764 -0.005479 -0.013175 -0.002367 0.270634 -0.001532 0.962678 
1590205727.678238 0.013570 -0.004709 -0.014076 -0.002439 0.270274 -0.001806 0.962779 
1590205727.778078 0.013238 -0.004617 -0.013767 -0.002502 0.270460 -0.001682 0.962727 
1590205727.878398 0.012810 -0.005935 -0.013499 -0.002255 0.270544 -0.001710 0.962703 
1590205727.978238 0.012918 -0.005861 -0.013059 -0.002645 0.270551 -0.001966 0.962700 
1590205728.078087 0.013801 -0.006788 -0.013044 -0.002444 0.270614 -0.001669 0.962684 
1590205728.178407 0.013885 -0.006644 -0.013649 -0.002587 0.270359 -0.001660 0.962755 
1590205728.278247 0.014107 -0.007155 -0.013523 -0.002644 0.270553 -0.001497 0.962700 
1590205728.378087 0.013776 -0.006602 -0.013308 -0.002626 0.270478 -0.001646 0.962721 
1590205728.478407 0.013051 -0.004883 -0.013185 -0.002326 0.270575 -0.001516 0.962695 
1590205728.578247 0.015139 -0.006516 -0.013975 -0.002618 0.270355 -0.001486 0.962756 
1590205728.678087 0.014335 -0.006172 -0.014533 -0.002532 0.270264 -0.001622 0.962781 
1590205728.778407 0.014400 -0.006038 -0.014676 -0.002480 0.270422 -0.001439 0.962738 
1590205728.878247 0.012288 -0.005911 -0.013779 -0.002338 0.270489 -0.001594 0.962719 
1590205728.978087 0.011473 -0.005840 -0.013580 -0.002711 0.270476 -0.001671 0.962721 
1590205729.078416 0.012772 -0.004572 -0.013052 -0.002343 0.270412 -0.001582 0.962741 
1590205729.178256 0.013613 -0.004969 -0.013916 -0.002461 0.270544 -0.001665 0.962703 
1590205729.278096 0.013621 -0.003973 -0.013048 -0.002325 0.270548 -0.001589 0.962702 
1590205729.378416 0.014211 -0.004606 -0.012533 -0.002525 0.270545 -0.001824 0.962702 
1590205729.478256 0.012584 -0.005288 -0.013884 -0.002427 0.270562 -0.001516 0.962698 
1590205729.578096 0.013423 -0.007728 -0.012488 -0.002593 0.270523 -0.001484 0.962709 
1590205729.678416 0.015411 -0.009244 -0.013256 -0.002596 0.270284 -0.001464 0.962776 
1590205729.778256 0.014774 -0.006660 -0.013095 -0.002569 0.270372 -0.001539 0.962751 
1590205729.878096 0.013660 -0.006148 -0.014303 -0.002208 0.270524 -0.001645 0.962709 
1590205729.978416 0.012787 -0.005278 -0.013560 -0.002477 0.270171 -0.001683 0.962808 
1590205730.078265 0.013073 -0.005289 -0.013378 -0.002448 0.270328 -0.001810 0.962764 
1590205730.178105 0.013379 -0.005841 -0.013035 -0.002469 0.270542 -0.001496 0.962704 
1590205730.278425 0.013497 -0.005799 -0.013293 -0.002551 0.270512 -0.001320 0.962712 
1590205730.378265 0.012922 -0.005868 -0.013622 -0.002556 0.270524 -0.001671 0.962708 
1590205730.478105 0.011057 -0.005496 -0.014331 -0.002308 0.270809 -0.001894 0.962628 
1590205730.578425 0.012203 -0.005990 -0.014051 -0.002664 0.270507 -0.001736 0.962713 
1590205730.678265 0.014386 -0.006366 -0.012544 -0.002499 0.270324 -0.001729 0.962765 
1590205730.778105 0.014899 -0.007878 -0.011761 -0.002646 0.270437 -0.001568 0.962733 
1590205730.878425 0.015313 -0.008027 -0.011971 -0.002704 0.270353 -0.001462 0.962756 
1590205730.978265 0.013491 -0.007307 -0.013804 -0.002587 0.270576 -0.001662 0.962694 
1590205731.078114 0.013645 -0.006171 -0.014074 -0.002713 0.270680 -0.001313 0.962665 
1590205731.178433 0.012572 -0.005344 -0.014332 -0.002379 0.270581 -0.001702 0.962693 
1590205731.278274 0.012778 -0.006200 -0.013359 -0.002590 0.270544 -0.001858 0.962702 
1590205731.378114 0.013363 -0.005781 -0.012127 -0.002390 0.270487 -0.001634 0.962719 
1590205731.478433 0.014305 -0.007161 -0.013204 -0.002549 0.270280 -0.001644 0.962777 
1590205731.578274 0.014597 -0.006892 -0.014369 -0.002379 0.270505 -0.001725 0.962714 
1590205731.678113 0.013770 -0.006052 -0.014146 -0.002340 0.270539 -0.001759 0.962705 
1590205731.778434 0.013660 -0.006667 -0.013412 -0.002738 0.270378 -0.001633 0.962749 
1590205731.878273 0.013166 -0.005644 -0.013503 -0.002497 0.270401 -0.001519 0.962743 
1590205731.978113 0.013865 -0.005290 -0.012814 -0.002548 0.270439 -0.001581 0.962732 
1590205732.078442 0.013410 -0.006356 -0.012884 -0.002555 0.270501 -0.001753 0.962715 
1590205732.178282 0.013267 -0.005660 -0.013632 -0.002377 0.270705 -0.001808 0.962658 
1590205732.278122 0.013015 -0.006034 -0.015361 -0.002389 0.270414 -0.001633 0.962740 
1590205732.378442 0.012842 -0.005034 -0.014048 -0.002498 0.270673 -0.001650 0.962667 
1590205732.478282 0.013065 -0.005975 -0.012742 -0.002611 0.270267 -0.001639 0.962780 
1590205732.578122 0.013170 -0.006592 -0.013189 -0.002261 0.270421 -0.001572 0.962738 
1590205732.678442 0.013829 -0.006711 -0.014578 -0.002240 0.270434 -0.001703 0.962735 
1590205732.778282 0.012727 -0.007051 -0.013968 -0.002286 0.270450 -0.001610 0.962730 
1590205732.878122 0.013180 -0.005704 -0.014372 -0.002423 0.270399 -0.001802 0.962744 
1590205732.978442 0.013489 -0.006798 -0.014258 -0.002426 0.270533 -0.001781 0.962706 
1590205733.078291 0.013481 -0.007665 -0.014405 -0.002341 0.270538 -0.001561 0.962705 
1590205733.178131 0.014353 -0.006753 -0.014043 -0.002444 0.270543 -0.001689 0.962703 
1590205733.278451 0.013683 -0.004834 -0.013759 -0.002454 0.270629 -0.001836 0.962679 
1590205733.378291 0.012372 -0.006149 -0.013576 -0.002487 0.270582 -0.001527 0.962693 
1590205733.478131 0.014127 -0.007563 -0.013203 -0.002584 0.270370 -0.001395 0.962752 
1590205733.578451 0.013693 -0.006595 -0.013260 -0.002485 0.270366 -0.001777 0.962753 
1590205733.678291 0.013141 -0.005966 -0.013736 -0.002500 0.270599 -0.001598 0.962688 
1590205733.778131 0.013015 -0.006406 -0.014075 -0.002563 0.270301 -0.001773 0.962771 
1590205733.878451 0.013607 -0.006230 -0.014607 -0.002460 0.270473 -0.001705 0.962723 
1590205733.978291 0.013429 -0.005768 -0.013708 -0.002588 0.270488 -0.001678 0.962718 
1590205734.078140 0.013049 -0.005771 -0.013843 -0.002206 0.270622 -0.001576 0.962682 
1590205734.178460 0.012857 -0.005470 -0.013810 -0.002363 0.270600 -0.001640 0.962687 
1590205734.278300 0.013754 -0.006831 -0.013005 -0.002450 0.270503 -0.001696 0.962715 
1590205734.378140 0.014773 -0.006855 -0.012643 -0.002645 0.270438 -0.001560 0.962733 
1590205734.478460 0.015109 -0.005902 -0.012877 -0.002459 0.270218 -0.001580 0.962795 
1590205734.578300 0.013746 -0.004611 -0.014593 -0.002312 0.270153 -0.001831 0.962813 
1590205734.678140 0.013232 -0.004133 -0.013960 -0.002609 0.270624 -0.001728 0.962680 
1590205734.778460 0.013086 -0.005362 -0.013084 -0.002357 0.270443 -0.001487 0.962732 
1590205734.878300 0.013028 -0.006340 -0.012946 -0.002685 0.270500 -0.001645 0.962715 
1590205734.978140 0.011918 -0.006277 -0.013829 -0.002192 0.270667 -0.001682 0.962669 
1590205735.078489 0.011840 -0.006989 -0.014711 -0.002459 0.270597 -0.001664 0.962688 
1590205735.178329 0.013460 -0.007176 -0.014161 -0.002598 0.270437 -0.001724 0.962733 
1590205735.278168 0.013561 -0.005666 -0.014264 -0.002349 0.270344 -0.001738 0.962759 
1590205735.378489 0.014472 -0.004919 -0.013297 -0.002510 0.270485 -0.001640 0.962719 
1590205735.478328 0.014670 -0.004707 -0.011923 -0.002623 0.270498 -0.001646 0.962716 
1590205735.578169 0.013500 -0.003957 -0.011830 -0.002372 0.270423 -0.001845 0.962737 
1590205735.678488 0.014907 -0.006268 -0.012301 -0.002525 0.270501 -0.001639 0.962715 
1590205735.778328 0.014086 -0.007372 -0.013881 -0.002259 0.270392 -0.001657 0.962746 
1590205735.878169 0.012973 -0.007522 -0.014686 -0.002498 0.270586 -0.001841 0.962691 
1590205735.978488 0.012960 -0.005900 -0.014020 -0.002403 0.270631 -0.001664 0.962679 
1590205736.078337 0.012478 -0.005261 -0.014127 -0.002311 0.270450 -0.001741 0.962730 
1590205736.178177 0.012198 -0.006320 -0.012452 -0.002508 0.270623 -0.001827 0.962680 
1590205736.278017 0.013699 -0.005245 -0.013291 -0.002290 0.270442 -0.001741 0.962732 
1590205736.378337 0.014847 -0.006229 -0.013400 -0.002376 0.270519 -0.001557 0.962710 
1590205736.478177 0.014676 -0.007130 -0.013539 -0.002392 0.270481 -0.001730 0.962721 
1590205736.578017 0.012641 -0.006795 -0.013527 -0.002484 0.270632 -0.001656 0.962678 
1590205736.678337 0.011926 -0.005507 -0.013324 -0.002248 0.270680 -0.001701 0.962665 
1590205736.778177 0.011536 -0.004678 -0.014725 -0.002185 0.270704 -0.001650 0.962659 
1590205736.878017 0.011966 -0.005597 -0.013953 -0.002365 0.270554 -0.001774 0.962700 
1590205736.978337 0.012969 -0.005134 -0.013872 -0.002301 0.270413 -0.001721 0.962740 
1590205737.078186 0.014426 -0.007156 -0.013574 -0.002613 0.270269 -0.001522 0.962780 
1590205737.178026 0.014245 -0.007626 -0.013169 -0.002610 0.270322 -0.001774 0.962765 
1590205737.278346 0.013827 -0.007365 -0.014352 -0.002383 0.270335 -0.001636 0.962762 
1590205737.378186 0.014400 -0.006559 -0.014749 -0.002450 0.270469 -0.001684 0.962724 
1590205737.478026 0.013661 -0.006192 -0.013819 -0.002373 0.270336 -0.001606 0.962762 
1590205737.578346 0.013160 -0.006256 -0.012386 -0.002611 0.270604 -0.001597 0.962686 
1590205737.678186 0.012692 -0.005193 -0.011420 -0.002509 0.270716 -0.001766 0.962654 
1590205737.778026 0.011992 -0.004598 -0.012911 -0.002310 0.270450 -0.001522 0.962730 
1590205737.878346 0.013049 -0.005736 -0.013650 -0.002448 0.270398 -0.001400 0.962744 
1590205737.978186 0.013924 -0.006909 -0.014221 -0.002480 0.270325 -0.001630 0.962765 
1590205738.078035 0.014001 -0.007180 -0.015361 -0.002272 0.270247 -0.001601 0.962787 
1590205738.178355 0.013516 -0.006076 -0.015316 -0.002243 0.270552 -0.001641 0.962701 
1590205738.278195 0.012684 -0.006546 -0.014415 -0.002494 0.270615 -0.001625 0.962683 
1590205738.378035 0.013627 -0.005028 -0.013836 -0.002466 0.270275 -0.001708 0.962779 
1590205738.478355 0.012934 -0.004680 -0.014546 -0.002159 0.270622 -0.001666 0.962682 
1590205738.578195 0.013174 -0.005281 -0.014204 -0.002250 0.270422 -0.001667 0.962738 
1590205738.678035 0.013415 -0.005316 -0.013354 -0.002623 0.270485 -0.001596 0.962719 
1590205738.778355 0.014197 -0.006366 -0.012307 -0.002727 0.270318 -0.001545 0.962766 
1590205738.878195 0.015256 -0.005691 -0.013631 -0.002591 0.270411 -0.001524 0.962740 
1590205738.978035 0.014083 -0.007205 -0.013525 -0.002716 0.270341 -0.001623 0.962759 
1590205739.078364 0.012245 -0.005372 -0.014477 -0.002340 0.270530 -0.001545 0.962707 
1590205739.178204 0.012074 -0.005695 -0.014988 -0.002230 0.270444 -0.001556 0.962732 
1590205739.278044 0.012338 -0.005648 -0.013877 -0.002349 0.270436 -0.001501 0.962734 
1590205739.378364 0.012318 -0.006930 -0.012930 -0.002678 0.270510 -0.001654 0.962712 
1590205739.478204 0.012928 -0.006949 -0.013293 -0.002374 0.270496 -0.001452 0.962717 
1590205739.578044 0.014156 -0.005843 -0.013721 -0.002521 0.270237 -0.001630 0.962789 
1590205739.678364 0.013516 -0.005444 -0.013864 -0.002429 0.270394 -0.001687 0.962745 
1590205739.778203 0.013820 -0.005575 -0.014323 -0.002379 0.270419 -0.001574 0.962739 
1590205739.878044 0.013843 -0.006381 -0.014435 -0.002442 0.270388 -0.001625 0.962747 
1590205739.978364 0.013960 -0.004618 -0.013281 -0.002455 0.270467 -0.001542 0.962725 
1590205740.078212 0.012513 -0.003654 -0.012617 -0.002413 0.270738 -0.001653 0.962649 
1590205740.178053 0.012557 -0.005513 -0.013628 -0.002439 0.270391 -0.001603 0.962746 
1590205740.278373 0.013546 -0.006696 -0.014458 -0.002522 0.270403 -0.001548 0.962743 
1590205740.378212 0.014599 -0.005902 -0.013564 -0.002398 0.270241 -0.001612 0.962788 
1590205740.478053 0.014783 -0.006073 -0.014126 -0.002280 0.270390 -0.001579 0.962747 
1590205740.578372 0.014709 -0.005372 -0.013897 -0.002638 0.270418 -0.001540 0.962738 
1590205740.678213 0.012994 -0.005055 -0.012622 -0.002438 0.270558 -0.001557 0.962699 
1590205740.778053 0.012599 -0.006316 -0.012363 -0.002522 0.270486 -0.001490 0.962720 
1590205740.878372 0.012355 -0.004769 -0.012622 -0.002479 0.270498 -0.001762 0.962716 
1590205740.978213 0.013240 -0.004153 -0.012916 -0.002522 0.270382 -0.001489 0.962749 
1590205741.078061 0.013554 -0.004845 -0.012840 -0.002492 0.270548 -0.001754 0.962702 
1590205741.178381 0.015334 -0.005282 -0.014727 -0.002289 0.270479 -0.001635 0.962722 
1590205741.278221 0.013761 -0.005397 -0.015660 -0.002455 0.270535 -0.001752 0.962705 
1590205741.378061 0.013037 -0.004136 -0.013612 -0.002436 0.270560 -0.001788 0.962698 
1590205741.478381 0.012265 -0.005147 -0.012312 -0.002259 0.270503 -0.001646 0.962715 
1590205741.578221 0.012997 -0.006565 -0.013458 -0.002416 0.270406 -0.001623 0.962742 
1590205741.678061 0.013954 -0.005761 -0.014038 -0.002514 0.270499 -0.001524 0.962716 
1590205741.778381 0.012845 -0.005582 -0.013999 -0.002305 0.270550 -0.001709 0.962702 
1590205741.878221 0.014223 -0.005136 -0.014267 -0.002257 0.270449 -0.001645 0.962730 
1590205741.978061 0.014090 -0.005362 -0.013595 -0.002411 0.270552 -0.001787 0.962701 
1590205742.078390 0.013638 -0.005384 -0.012805 -0.002344 0.270570 -0.001615 0.962696 
1590205742.178230 0.013695 -0.005549 -0.013246 -0.002484 0.270446 -0.001710 0.962730 
1590205742.278070 0.012636 -0.005835 -0.015140 -0.002236 0.270316 -0.001616 0.962768 
1590205742.378390 0.013102 -0.006380 -0.014773 -0.002125 0.270403 -0.001760 0.962743 
1590205742.478230 0.013186 -0.005100 -0.014707 -0.002399 0.270529 -0.001608 0.962708 
1590205742.578070 0.011745 -0.004637 -0.014083 -0.002351 0.270487 -0.001853 0.962719 
1590205742.678390 0.011188 -0.005494 -0.014509 -0.002383 0.270508 -0.001530 0.962714 
1590205742.878070 0.012125 -0.006652 -0.012790 -0.002660 0.270626 -0.001766 0.962679 
1590205742.978390 0.013928 -0.006563 -0.012564 -0.002629 0.270557 -0.001585 0.962699 
1590205743.078239 0.013556 -0.005774 -0.012687 -0.002383 0.270660 -0.001653 0.962671 
1590205743.178079 0.014095 -0.004974 -0.013108 -0.002426 0.270662 -0.001701 0.962670 
1590205743.378239 0.013023 -0.005482 -0.014042 -0.002596 0.270692 -0.001794 0.962661 
1590205743.478079 0.013192 -0.007382 -0.013472 -0.002491 0.270268 -0.001335 0.962781 
1590205743.578399 0.013715 -0.005734 -0.014048 -0.002345 0.270370 -0.001870 0.962752 
1590205743.678239 0.013455 -0.005343 -0.014040 -0.002354 0.270661 -0.001835 0.962670 
1590205743.878399 0.011531 -0.006185 -0.012882 -0.002361 0.270680 -0.001747 0.962665 
1590205743.978239 0.011434 -0.005713 -0.013525 -0.002312 0.270672 -0.001738 0.962667 
1590205744.078088 0.013293 -0.004908 -0.014215 -0.002516 0.270503 -0.001526 0.962715 
1590205744.178408 0.014119 -0.005973 -0.013676 -0.002582 0.270548 -0.001498 0.962702 
1590205744.278248 0.013513 -0.006105 -0.013652 -0.002471 0.270289 -0.001795 0.962775 
1590205744.378088 0.011469 -0.005808 -0.013028 -0.002493 0.270567 -0.001808 0.962696 
1590205744.478408 0.010564 -0.005881 -0.013124 -0.002354 0.270580 -0.001594 0.962693 
1590205744.578248 0.014317 -0.004672 -0.013818 -0.002318 0.270478 -0.001813 0.962722 
1590205744.678088 0.013937 -0.005331 -0.014094 -0.002412 0.270533 -0.001761 0.962706 
1590205744.778408 0.014710 -0.006678 -0.014714 -0.002110 0.270468 -0.001512 0.962726 
1590205744.878248 0.014098 -0.006386 -0.013320 -0.002430 0.270542 -0.001613 0.962704 
1590205744.978088 0.012449 -0.006786 -0.014016 -0.002306 0.270682 -0.001765 0.962664 
1590205745.078416 0.011614 -0.005870 -0.014596 -0.002155 0.270785 -0.001595 0.962636 
1590205745.178256 0.013055 -0.005474 -0.014984 -0.002277 0.270507 -0.001693 0.962714 
1590205745.278096 0.013772 -0.004429 -0.014675 -0.002192 0.270319 -0.001625 0.962767 
1590205745.378416 0.014834 -0.005875 -0.013510 -0.002408 0.270335 -0.001751 0.962762 
1590205745.478256 0.014292 -0.006640 -0.012722 -0.002471 0.270418 -0.001647 0.962739 
1590205745.578096 0.013132 -0.006927 -0.012789 -0.002596 0.270418 -0.001749 0.962738 
1590205745.678416 0.011785 -0.006314 -0.013276 -0.002575 0.270569 -0.001546 0.962696 
1590205745.778256 0.011611 -0.005867 -0.014994 -0.002236 0.270552 -0.001403 0.962702 
1590205745.878096 0.012457 -0.005034 -0.013805 -0.002336 0.270527 -0.001808 0.962708 
1590205745.978416 0.013920 -0.004715 -0.013323 -0.002411 0.270244 -0.001718 0.962787 
1590205746.078265 0.013775 -0.005861 -0.012725 -0.002598 0.270574 -0.001747 0.962694 
1590205746.178105 0.014665 -0.005371 -0.013194 -0.002248 0.270410 -0.001689 0.962741 
1590205746.278425 0.014843 -0.005763 -0.014047 -0.002413 0.270573 -0.001686 0.962695 
1590205746.378265 0.013943 -0.005095 -0.014138 -0.002275 0.270587 -0.001621 0.962691 
1590205746.578425 0.012542 -0.004983 -0.014695 -0.002303 0.270446 -0.001807 0.962731 
1590205746.678265 0.012438 -0.004038 -0.014572 -0.002237 0.270359 -0.001676 0.962756 
1590205746.778105 0.012828 -0.003945 -0.014438 -0.002260 0.270577 -0.001689 0.962694 
1590205746.978265 0.010663 -0.005394 -0.012999 -0.002558 0.270778 -0.001721 0.962637 
1590205747.078114 0.011276 -0.005384 -0.012345 -0.002502 0.270612 -0.001632 0.962684 
1590205747.178434 0.012523 -0.004447 -0.014833 -0.002065 0.270556 -0.001472 0.962701 
1590205747.278274 0.013810 -0.005447 -0.014607 -0.002308 0.270327 -0.001596 0.962764 
1590205747.378114 0.014055 -0.005531 -0.013969 -0.002561 0.270205 -0.001707 0.962798 
1590205747.478434 0.013180 -0.005890 -0.014532 -0.002413 0.270303 -0.001538 0.962771 
1590205747.578274 0.013413 -0.006646 -0.013839 -0.002487 0.270313 -0.001639 0.962768 
1590205747.678114 0.012947 -0.005475 -0.014518 -0.002401 0.270221 -0.001633 0.962794 
1590205747.778434 0.013796 -0.004754 -0.014625 -0.002288 0.270360 -0.001670 0.962755 
1590205747.878274 0.014172 -0.005156 -0.014692 -0.002683 0.270121 -0.001826 0.962821 
1590205747.978114 0.013678 -0.005535 -0.013596 -0.002473 0.270532 -0.001691 0.962706 
1590205748.078443 0.013027 -0.005558 -0.013239 -0.002470 0.270264 -0.001731 0.962781 
1590205748.178283 0.011511 -0.005163 -0.013809 -0.002297 0.270489 -0.001616 0.962719 
1590205748.278123 0.011707 -0.005645 -0.013155 -0.002112 0.270487 -0.001694 0.962720 
1590205748.378443 0.011891 -0.005000 -0.013298 -0.002384 0.270431 -0.001775 0.962735 
1590205748.478283 0.013441 -0.004866 -0.013312 -0.002472 0.270455 -0.001531 0.962728 
1590205748.578123 0.014936 -0.006165 -0.014542 -0.002454 0.270237 -0.001692 0.962789 
1590205748.678443 0.014107 -0.006353 -0.014886 -0.002408 0.270555 -0.001699 0.962700 
1590205748.778283 0.013674 -0.004051 -0.015063 -0.002239 0.270432 -0.001622 0.962735 
1590205748.878123 0.012887 -0.003709 -0.015196 -0.002335 0.270496 -0.001694 0.962717 
